#    0.080  -0.080   0.550 ;Mean Elev.(m), Avg Gradient(m/km), RMS Gradient(m/km) - SRTM1     
#    7.559  -0.149   0.999 ;Mean Elev.(m), Avg Gradient(m/km), RMS Gradient(m/km) - ASTER GDEM
#    0.689  -0.092   0.591 ;Mean Elev.(m), Avg Gradient(m/km), RMS Gradient(m/km) - GMTED2010 
   1 106.132635  10.283113     1.975     1.815  5 54664.49897999 30.054
   2 106.131674  10.281939     1.867     1.845  5 54674.41462456 29.365
   3 106.130889  10.282708     1.866     1.856  5 54684.33026755 29.145
   4 106.132635  10.282706     2.194     2.183  6 54694.24590973 25.499
   5 106.135668  10.282940     2.493     2.444  6 54704.16154961 30.225
   6 106.134276  10.282696     2.593     2.636  6 54714.07720042 30.784
   7 106.131107  10.283218   -42.702   -46.626  5 54723.99285082 23.503
   8 106.126444  10.284164     2.267     2.268  4 54733.90849856 30.155
   9 106.123595  10.283143     2.093     2.070  4 54743.82414528 32.731
  10 106.122682  10.283467     2.190     2.182  4 54753.73979136 41.150
  11 106.123523  10.284070     2.199     2.189  4 54763.65543681 30.690
  12 106.125459  10.282770     2.826     2.823  4 54773.57108014 30.201
  13 106.126186  10.283349     2.824     2.799  5 54783.48672036 31.163
  14 106.127364  10.283256     2.274     2.253  4 54793.40235887 29.060
  15 106.129405  10.283889     1.547     1.702  5 54803.31799667 30.654
  16 106.132709  10.282701     2.009     1.627  5 54813.23363487 30.750
  17 106.133246  10.282539     1.986     1.799  5 54823.14927901 31.711
  18 106.130150  10.282965     2.361     2.354  4 54833.06491946 29.500
  19 106.126848  10.282498     2.482     2.489  4 54842.98056984 32.801
  20 106.123834  10.283258     1.851     1.894  4 54852.89621866 32.641
  21 106.122245  10.283770     1.895     1.786  4 54862.81186714 32.934
  22 106.121664  10.284153     1.846     1.826  3 54872.72751542 31.939
  23 106.122077  10.284222     2.262     2.229  4 54882.64316169 33.296
  24 106.122605  10.283793     2.494     2.508  3 54892.55880469 30.625
  25 106.121946  10.283810     2.663     2.622  4 54902.47444482 30.558
  26 106.121315  10.284179     2.346     2.338  4 54912.39008367 31.568
  27 106.122044  10.283727     2.065     2.006  3 54922.30572210 31.435
  28 106.124674  10.283778     2.178     2.217  4 54932.22136002 30.263
  29 106.129020  10.283312     1.866     1.749  4 54942.13699655 28.231
  30 106.133121  10.282893     2.144     2.068  5 54952.05263123 29.744
  31 106.132447  10.283348     2.482     2.452  5 54961.96827365 29.273
  32 106.130204  10.282426     1.803     1.875  5 54971.88392226 30.463
  33 106.128809  10.283547     0.923     0.877  4 54981.79956915 36.530
  34 106.128950  10.283494   -68.977   -74.768  4 54991.71521594 12.282
  35 106.128499  10.283277     1.507     1.512  4 55001.63086209 30.294
  36 106.127533  10.283091     1.931     1.952  4 55011.54650640 29.662
  37 106.126737  10.283456     2.399     2.395  5 55021.46214925 36.846
  38 106.126991  10.282683     1.679     1.665  4 55031.37779164 30.863
  39 106.127577  10.283519     1.800     1.790  4 55041.29343324 30.153
  40 106.130506  10.283226     1.774     1.726  4 55051.20907400 28.656
  41 106.133212  10.282839     2.214     2.165  6 55061.12471265 33.842
  42 106.132814  10.282350     2.500     2.533  5 55071.04035505 32.533
  43 106.128716  10.283225     2.535     2.470  5 55080.95600360 28.701
  44 106.124982  10.284243     2.770     2.780  4 55090.87165019 31.749
  45 106.123288  10.284244     2.318     2.320  4 55100.78729617 31.352
  46 106.123814  10.283335     1.867     1.859  4 55110.70294195 36.040
  47 106.125507  10.282772     1.415     1.431  4 55120.61858590 34.853
  48 106.126049  10.284368     1.885     1.833  4 55130.53422663 36.228
  49 106.126057  10.284332     2.828     3.065  4 55140.44986580 34.966
  50 106.126384  10.283967     2.429     2.562  4 55150.36550450 36.969
  51 106.128875  10.282909     1.765     1.826  5 55160.28114378 29.366
  52 106.131838  10.283497     1.730     1.644  5 55170.19678254 30.872
  53 106.135245  10.281956     1.898     1.851  5 55180.11242050 28.625
  54 106.132200  10.283338     1.935     1.848  5 55190.02806798 30.409
  55 106.127856  10.283072     2.835     2.831  4 55199.94371848 30.632
  56 106.125019  10.283000     2.681     2.652  4 55209.85936810 32.054
  57 106.123842  10.284737     1.743     1.746  4 55219.77501682 32.033
  58 106.123858  10.284393     1.788     1.754  4 55229.69066495 31.987
  59 106.124597  10.282728     1.743     1.744  4 55239.60631021 32.620
  60 106.123394  10.283749     2.363     2.406  3 55249.52195111 29.938
  61 106.122265  10.283162     2.378     2.338  3 55259.43759024 28.933
  62 106.122049  10.284016     2.390     2.351  4 55269.35322865 31.462
  63 106.123606  10.284676     2.197     2.195  4 55279.26886731 31.147
  64 106.127197  10.284072     2.002     2.056  4 55289.18450521 32.099
  65 106.132164  10.281794     1.700     1.685  5 55299.10014119 31.911
  66 106.130887  10.283714     1.670     1.587  5 55309.01578503 28.262
  67 106.128122  10.283748     1.815     1.780  5 55318.93143096 31.388
  68 106.126211  10.283254     2.198     2.456  5 55328.84707571 35.768
  69 106.126158  10.283370     1.836     1.795  4 55338.76271977 34.085
  70 106.128027  10.282745     1.007     0.969  4 55348.67836369 38.557
  71 106.129629  10.282551     1.487     1.499  5 55358.59400559 32.628
  72 106.129670  10.282740     1.448     1.415  5 55368.50964517 31.670
  73 106.129469  10.283353     2.300     2.235  5 55378.42528332 29.962
  74 106.130798  10.282885     2.441     2.374  5 55388.34092129 29.587
  75 106.133781  10.282417     2.222     2.189  6 55398.25655867 32.172
  76 106.135113  10.282820     1.991     1.870  5 55408.17220365 30.525
  77 106.133247  10.281634     2.139     2.187  5 55418.08785483 31.625
  78 106.129130  10.283094     2.169     2.202  4 55428.00350183 29.043
  79 106.126097  10.282559     2.316     2.285  4 55437.91914641 32.263
  80 106.124365  10.283302     2.717     2.712  4 55447.83478925 33.157
  81 106.125095  10.283145     2.409     2.400  4 55457.75043202 30.068
  82 106.126945  10.283493     2.149     2.147  5 55467.66607402 38.136
  83 106.129750  10.282961     2.083     2.040  5 55477.58171301 32.619
  84 106.131523  10.284009     1.723     1.617  5 55487.49734853 30.238
  85 106.133046  10.283435     2.089     1.960  5 55497.41298236 29.217
  86 106.133810  10.282196     2.482     2.480  5 55507.32861993 30.557
  87 106.130996  10.283184     2.420     2.415  5 55517.24427028 28.201
  88 106.130512  10.282839     2.064     2.046  5 55527.15992030 30.713
  89 106.129728  10.282951     1.843     1.794  4 55537.07556825 30.006
  90 106.128072  10.283323     1.756     1.739  5 55546.99121378 31.701
  91 106.125657  10.284147     2.304     2.306  4 55556.90685716 36.119
  92 106.124677  10.284659     2.796     2.798  4 55566.82249963 31.436
  93 106.126785  10.283314     2.722     2.720  5 55576.73814186 38.313
  94 106.129284  10.283286     2.432     2.437  4 55586.65378185 31.669
  95 106.131648  10.284009     2.293     2.171  5 55596.56941848 31.214
  96 106.133677  10.282310     2.477     2.353  5 55606.48505263 32.334
  97 106.134657  10.282956     2.009     1.847  5 55616.40068444 28.770
  98 106.133887  10.282586     2.069     2.039  6 55626.31632750 30.763
  99 106.131397  10.283481     2.173     2.089  5 55636.23197948 29.917
 100 106.130627  10.282765     2.376     2.397  4 55646.14762991 28.878
 101 106.129331  10.283408     2.110     2.055  5 55656.06327722 30.611
 102 106.128261  10.283760     1.607     1.518  4 55665.97892004 29.499
 103 106.127791  10.283264     1.660     1.654  4 55675.89455982 29.890
 104 106.128490  10.283288     1.278     1.284  4 55685.81019753 34.263
 105 106.131012  10.283318     2.019     1.947  5 55695.72583406 30.531
 106 106.135426  10.282565     1.850     1.926  6 55705.64146958 32.210
 107 106.134857  10.282632     1.841     1.769  5 55715.55711754 31.847
 108 106.131931  10.283351     1.700     1.651  5 55725.47276554 29.599
 109 106.129373  10.283259     1.837     1.749  4 55735.38841209 28.523
 110 106.127951  10.283029     2.189     2.212  4 55745.30405768 28.645
 111 106.127935  10.283051     2.248     2.185  5 55755.21970182 32.242
 112 106.129390  10.283485     2.299     2.300  4 55765.13534370 29.022
 113 106.131159  10.282834     2.493     2.447  5 55775.05098301 30.825
 114 106.132075  10.282262     2.422     2.440  5 55784.96661901 31.096
 115 106.133219  10.282785     1.782     1.808  5 55794.88225235 44.492
 116 106.134715  10.282436     1.246     1.219  5 55804.79789040 45.880
 117 106.134194  10.281741     1.855     1.905  5 55814.71353940 29.518
 118 106.134172  10.282027     2.176     2.151  5 55824.62918586 30.288
 119 106.134293  10.282531     2.732     2.749  5 55834.54482770 30.897
 120 106.134638  10.282480     2.371     2.286  6 55844.46046602 30.104
 121 106.135531  10.282989     1.874     1.816  6 55854.37610166 29.517
 122 106.136491  10.282157     1.839     1.851  5 55864.29174065 29.610
 123 106.133349  10.281872     1.670     1.592  5 55874.20739431 31.234
 124 106.132162  10.283172     2.332     2.194  5 55884.12304251 29.130
 125 106.132704  10.282876     2.700     2.586  5 55894.03868505 30.734
 126 106.134486  10.283009     2.232     2.122  5 55903.95432209 30.880
 127 106.134790  10.283162     2.048     1.982  5 55913.86996127 29.829
 128 106.130868  10.282074     2.037     1.978  5 55923.78561516 35.756
 129 106.128308  10.283483     2.582     2.600  5 55933.70126543 38.415
 130 106.127990  10.282870     2.617     2.617  5 55943.61691179 30.591
 131 106.127800  10.283295     2.878     2.867  4 55953.53255364 41.087
 132 106.127476  10.284031     2.367     2.383  4 55963.44819255 30.942
 133 106.128300  10.282961     2.090     2.083  4 55973.36383044 29.889
 134 106.131142  10.282230     1.745     1.812  5 55983.27946744 29.601
 135 106.135610  10.282339     1.725     1.696  5 55993.19510256 28.550
 136 106.134445  10.281794     1.694     1.715  5 56003.11075247 29.212
 137 106.130805  10.282823     2.611     2.603  4 56013.02640176 28.835
 138 106.127514  10.283409     2.367     2.407  5 56022.94204759 32.525
 139 106.126387  10.282643     1.648     1.611  4 56032.85769096 35.876
 140 106.127377  10.283410     0.512     0.452  5 56042.77333185 42.675
 141 106.130063  10.283253     0.358     0.365  4 56052.68897036 39.793
 142 106.133840  10.282420     1.194     1.128  5 56062.60460598 36.859
 143 106.134829  10.282828     2.198     2.139  6 56072.52024606 31.010
 144 106.131227  10.283215     2.262     2.186  5 56082.43589556 30.504
 145 106.129128  10.283097     1.936     1.838  5 56092.35154302 30.149
 146 106.128780  10.283226     1.870     1.905  4 56102.26718848 28.710
 147 106.129609  10.282396     1.999     2.007  5 56112.18282004 30.389
 148 106.130964  10.282505     2.135     2.120  5 56122.09845943 30.540
 149 106.133056  10.282254     2.457     2.437  5 56132.01409516 32.027
 150 106.133887  10.282665     2.555     2.489  5 56141.92973132 31.044
 151 106.130545  10.282946     2.137     2.132  4 56151.84538154 30.892
 152 106.129331  10.283297     1.381     1.358  4 56161.76103004 41.174
 153 106.129838  10.283379     1.387     1.365  4 56171.67667681 33.865
 154 106.131184  10.282706     1.469     1.467  5 56181.59231929 31.513
 155 106.131477  10.282727     2.581     2.490  5 56191.50795778 28.747
 156 106.131264  10.283540     3.094     3.052  5 56201.42359352 30.782
 157 106.133769  10.282688     2.135     2.096  5 56211.33922806 29.891
 158 106.137911  10.283046     1.665     1.573  6 56221.25486085 30.496
 159 106.136868  10.281740     1.835     1.661  6 56231.17051388 28.572
 160 106.134229  10.281885     1.681     1.628  5 56241.08616688 31.083
 161 106.130570  10.283931     2.469     2.395  5 56251.00181529 29.559
 162 106.129547  10.282585     2.660     2.532  5 56260.91745975 30.058
 163 106.129295  10.283516     2.376     2.372  4 56270.83310127 31.136
 164 106.131280  10.282074     2.321     2.293  5 56280.74874159 30.631
 165 106.128741  10.283762     2.070     2.004  5 56290.66439315 30.445
 166 106.127386  10.283250     2.048     1.936  5 56300.58004085 31.498
 167 106.125973  10.283574     2.061     2.128  4 56310.49568431 35.117
 168 106.125444  10.283276     2.343     2.301  4 56320.41132598 29.882
 169 106.125918  10.283444     2.077     2.085  4 56330.32696719 34.954
 170 106.128253  10.283369     1.818     1.805  4 56340.24260816 30.905
 171 106.132436  10.281893     1.887     1.904  5 56350.15824743 30.734
 172 106.134497  10.282571     1.876     1.878  6 56360.07388533 29.192
 173 106.130029  10.282691     1.754     1.739  5 56369.98953542 31.753
 175 106.124090  10.283432     2.480     2.493  4 56389.82082726 30.024
 176 106.126083  10.283467     1.924     1.787  5 56399.73647041 30.987
 177 106.129231  10.283608     1.539     1.560  5 56409.65211091 34.075
 178 106.132595  10.283466     1.807     1.619  5 56419.56774687 32.026
 179 106.134766  10.283125     1.998     1.937  5 56429.48338188 29.770
 180 106.129790  10.282401     2.631     2.584  5 56439.39903477 30.202
 181 106.126394  10.283000     2.239     2.334  4 56449.31468527 36.202
 182 106.125929  10.282886     2.373     2.461  4 56459.23033415 26.035
 183 106.125851  10.283540     1.807     1.885  5 56469.14597968 37.202
 184 106.126499  10.283270     1.815     1.853  5 56479.06162148 35.773
 185 106.127392  10.283261     1.763     1.714  5 56488.97725925 31.745
 186 106.129505  10.282738     1.966     1.965  4 56498.89289446 31.245
 187 106.133015  10.283246     2.373     2.297  5 56508.80852809 37.017
 188 106.136270  10.282436     1.963     2.009  5 56518.72416792 34.121
 189 106.134551  10.282273     1.832     1.820  5 56528.63982119 42.859
 190 106.132743  10.283136     1.443     1.298  5 56538.55547008 33.155
 191 106.130139  10.283596     1.612     1.767  5 56548.47111495 31.050
 192 106.127489  10.284053     2.162     2.159  4 56558.38675757 30.621
 193 106.127279  10.283620     2.422     2.328  4 56568.30240002 31.914
 194 106.129762  10.283002     2.211     2.191  5 56578.21804166 29.699
 195 106.134685  10.281910     2.273     2.219  5 56588.13368007 31.177
 196 106.135925  10.282507     1.833     1.812  6 56598.04932288 33.629
 197 106.131751  10.282248     1.926     1.930  5 56607.96497428 32.276
 198 106.128446  10.282825     2.639     2.635  4 56617.88062043 29.635
 199 106.127672  10.283368     3.306     3.258  4 56627.79626329 37.277
 200 106.129796  10.283049     2.660     2.630  4 56637.71190358 35.311
 201 106.132447  10.281672     2.565     2.482  5 56647.62754637 38.729
 202 106.129228  10.283270     2.216     2.229  4 56657.54319742 32.071
 203 106.126762  10.283166     2.058     1.932  5 56667.45884473 34.997
 204 106.125630  10.282572     2.383     2.299  4 56677.37449002 30.483
 205 106.125649  10.283545     2.399     2.393  5 56687.29013414 32.362
 206 106.127558  10.283983     2.083     2.106  4 56697.20577655 31.672
 207 106.131342  10.283256     1.909     1.890  5 56707.12141479 30.470
 208 106.133754  10.283219     1.974     1.740  5 56717.03705088 31.192
 209 106.128463  10.283263   -72.217   -72.188  5 56726.95270385 10.529
 210 106.124763  10.282492     1.951     1.817  4 56736.86835282 31.115
 211 106.122997  10.284621     2.055     2.073  4 56746.78399762 32.770
 212 106.126379  10.283362     2.101     2.093  5 56756.69963906 36.999
 213 106.131456  10.283894     2.079     1.952  5 56766.61527440 31.409
 214 106.133306  10.281924     1.977     1.860  5 56776.53091667 33.065
 215 106.127574  10.283107     1.784     1.789  5 56786.44657201 32.612
 216 106.122362  10.283820     1.997     1.974  4 56796.36222414 31.901
 217 106.120365  10.283147     2.194     2.219  3 56806.27787233 31.565
 218 106.122174  10.283161     2.340     2.298  3 56816.19351443 29.922
 219 106.124828  10.283990     2.474     2.475  4 56826.10915296 30.894
 220 106.128289  10.283492   -72.494   -72.439  5 56836.02478830 10.315
 221 106.132501  10.281753     1.470     1.389  5 56845.94042058 34.489
 222 106.130388  10.282966     0.822     0.728  4 56855.85606789 38.057
 223 106.127829  10.283665     0.598     0.545  5 56865.77172053 48.271
 224 106.126268  10.283993     1.961     2.028  4 56875.68737220 37.954
 225 106.125309  10.283857     2.632     2.571  4 56885.60302090 35.957
 226 106.124654  10.283080     2.210     2.252  4 56895.51866688 31.795
 227 106.123296  10.283574     1.879     1.859  3 56905.43430961 31.599
 228 106.122459  10.283993     2.019     2.016  4 56915.34995056 30.656
 229 106.124531  10.283027     2.062     2.040  4 56925.26559046 30.717
 230 106.128279  10.283844     2.236     2.248  4 56935.18122731 29.919
 231 106.134499  10.283088     2.460     2.381  5 56945.09685951 30.674
 232 106.132665  10.283519     2.320     2.295  5 56955.01250993 30.255
 233 106.129166  10.283421     2.176     2.189  4 56964.92815949 32.005
 234 106.126930  10.283735     2.341     2.342  4 56974.84380426 41.252
 235 106.127862  10.283136     2.389     2.390  4 56984.75944492 40.022
 236 106.132314  10.281689     2.444     2.425  5 56994.67508073 37.825
 237 106.134632  10.282710     2.837     2.859  6 57004.59072042 31.026
 238 106.130508  10.283289     2.776     2.711  5 57014.50637537 30.067
 239 106.127185  10.283696     2.380     2.343  4 57024.42202594 30.950
 240 106.125954  10.283012     1.417     1.201  4 57034.33767488 34.730
 241 106.126199  10.283649     1.649     1.670  4 57044.25332140 37.220
 242 106.127670  10.283416     1.883     1.812  5 57054.16896556 30.505
 243 106.129231  10.283856     2.229     2.132  5 57064.08460487 30.511
 244 106.131804  10.281954     2.510     2.439  5 57074.00023976 31.114
 245 106.134650  10.282795     2.080     2.038  6 57083.91587038 31.855
 246 106.132455  10.281738     1.742     1.700  5 57093.83152138 30.415
 247 106.128344  10.283340     1.766     1.715  4 57103.74717727 30.273
 248 106.127385  10.282704     1.881     1.985  4 57113.66282974 29.654
 249 106.127459  10.283160     2.386     2.370  4 57123.57847595 30.171
 250 106.127446  10.283656     2.641     2.690  5 57133.49411681 30.151
 251 106.128996  10.283577     2.283     2.239  4 57143.40975350 29.957
 252 106.131741  10.283264     1.932     1.792  5 57153.32538781 29.652
 253 106.135215  10.282802     1.740     1.754  5 57163.24102274 29.130
 254 106.131486  10.283129     1.586     1.565  5 57173.15667965 29.570
 255 106.128651  10.283448     2.225     2.199  4 57183.07233345 28.649
 256 106.126287  10.283593     2.033     2.025  4 57192.98798338 36.947
 257 106.124981  10.282834     2.121     2.104  4 57202.90363080 29.530
 258 106.124340  10.284716     1.651     1.625  4 57212.81926403 30.649
 259 106.127100  10.282675     0.683     0.704  4 57222.73490797 42.915
 260 106.129308  10.282726     0.255     0.173  4 57232.65054977 40.355
 261 106.130898  10.282430     1.698     1.671  5 57242.56618883 29.575
 262 106.131755  10.283148     2.523     2.502  5 57252.48182516 28.962
 263 106.133382  10.283620     2.160     2.090  5 57262.39746015 29.883
 264 106.136544  10.282994     1.822     1.764  6 57272.31309570 28.916
 265 106.134014  10.282392     1.854     1.816  5 57282.22875321 29.455
 266 106.131924  10.282232     1.800     1.837  5 57292.14440832 28.965
 267 106.129122  10.283045     1.821     1.778  5 57302.06005989 32.562
 268 106.126559  10.283314     2.958     2.987  4 57311.97570778 33.180
 269 106.124150  10.284061     3.271     3.293  4 57321.89135212 31.643
 270 106.123841  10.284321     2.891     2.932  4 57331.80699427 39.458
 271 106.126090  10.284008     2.065     2.062  4 57341.72263455 37.148
 272 106.125006  10.283518     1.722     1.688  4 57351.63828563 35.890
 273 106.125633  10.283323     1.933     1.895  4 57361.55393002 35.122
 274 106.126122  10.283395     2.460     2.527  5 57371.46957126 34.104
 275 106.127183  10.282867     2.516     2.469  4 57381.38521097 29.251
 276 106.129667  10.282938     1.954     1.914  5 57391.30085026 29.828
 277 106.133723  10.282964     1.942     1.885  5 57401.21648888 29.395
 278 106.136002  10.282934     1.759     1.754  6 57411.13213079 32.010
 279 106.131997  10.283954     1.794     1.765  5 57421.04778289 29.594
 280 106.127722  10.283749     2.909     2.913  4 57430.96343248 36.843
 281 106.124722  10.284350     2.613     2.711  4 57440.87907978 31.245
 282 106.124847  10.284660     2.069     2.115  4 57450.79472627 31.678
 283 106.127132  10.283021     1.846     1.772  5 57460.71037166 33.053
 284 106.129946  10.283150     1.683     1.674  4 57470.62601328 29.533
 285 106.132202  10.282862     1.882     1.788  5 57480.54165094 29.484
 286 106.133697  10.281696     2.273     2.291  5 57490.45728571 31.411
 287 106.135595  10.282453     2.369     2.280  5 57500.37291837 28.865
 288 106.135059  10.281999     2.362     2.329  5 57510.28856447 29.932
 289 106.131705  10.282432     2.204     2.125  5 57520.20422009 30.161
 290 106.129458  10.283547     1.340     1.341  4 57530.11987306 33.775
 291 106.127822  10.283537     0.937     0.837  5 57540.03552302 37.089
 292 106.126138  10.283448     1.601     1.734  5 57549.95117005 35.875
 293 106.125090  10.283019     2.273     2.260  4 57559.86681554 31.425
 294 106.125370  10.283102     2.311     2.323  4 57569.78246022 31.562
 295 106.127244  10.282764     1.524     1.561  4 57579.69810467 35.275
 296 106.129261  10.283143     0.947     0.965  5 57589.61374732 39.958
 297 106.130074  10.283026     1.517     1.539  4 57599.52938730 27.945
