#  142.222  -0.238  12.920 ;Mean Elev.(m), Avg Gradient(m/km), RMS Gradient(m/km) - SRTM1     
#  146.947  -0.006  12.945 ;Mean Elev.(m), Avg Gradient(m/km), RMS Gradient(m/km) - ASTER GDEM
#  144.976  -0.576  13.146 ;Mean Elev.(m), Avg Gradient(m/km), RMS Gradient(m/km) - GMTED2010 
   1 103.942295  18.337695   154.746   154.828  4 54666.02824062 38.578
   2 103.940417  18.337337   152.299   152.294  4 54675.94388481 46.575
   4 103.940927  18.336358   154.456   154.463  4 54695.77516876 48.952
   6 103.944652  18.339159   151.827   151.804  4 54715.60646062 47.383
   7 103.943325  18.340006    13.155    13.155  3 54725.52211061  0.162
   8 103.937916  18.335746   149.677   149.693  4 54735.43775756 41.456
   9 103.933781  18.335137   152.970   153.126  5 54745.35340467 31.522
  10 103.931539  18.334373   151.937   151.971  5 54755.26905158 31.650
  11 103.932170  18.333515   148.967   147.628  5 54765.18469748 36.363
  12 103.935188  18.334859   147.718   147.686  4 54775.10034111 46.989
  13 103.937437  18.336079   147.489   147.579  5 54785.01598197 46.377
  14 103.938210  18.335939   149.983   150.500  4 54794.93162056 28.202
  15 103.939933  18.336739   150.987   150.627  4 54804.84725842 27.616
  16 103.943105  18.338589   144.231   144.218  4 54814.76289606 33.961
  17 103.942868  18.338518   144.352   144.197  4 54824.67854140 52.349
  18 103.939172  18.336095   148.060   146.949  4 54834.59418021 28.943
  19 103.935455  18.335825   150.467   153.251  5 54844.50982969 28.004
  20 103.931688  18.333831   145.784   143.467  5 54854.42547818 46.987
  21 103.929173  18.332490   143.312   143.327  4 54864.34112687 44.417
  22 103.928758  18.333161   143.339   143.287  5 54874.25677595 46.550
  23 103.929836  18.333606   143.141   143.164  5 54884.17242249 49.755
  24 103.930972  18.333718   142.990   142.934  5 54894.08806542 48.528
  25 103.930968  18.333026   153.053   153.684  5 54904.00370520 22.201
  26 103.931395  18.333686   142.932   142.911  4 54913.91934378 49.629
  27 103.932249  18.334504   142.833   142.823  5 54923.83498161 46.099
  28 103.935124  18.335757   143.294   143.139  4 54933.75061888 51.262
  29 103.939845  18.336134   143.416   143.373  4 54943.66625423 48.768
  30 103.945890  18.337957   148.041   149.586  4 54953.58188800 21.539
  31 103.945968  18.338822   143.520   143.594  4 54963.49753250 43.373
  32 103.942824  18.338109   143.992   143.896  4 54973.41318050 48.079
  33 103.939781  18.336082   145.119   145.137  4 54983.32882769 46.052
  34 103.939514  18.337585   154.260   154.455  4 54993.24447563 28.659
  35 103.938194  18.336477   149.861   150.898  5 55003.16012194 45.098
  36 103.936658  18.335701   148.781   147.092  5 55013.07576619 48.956
  37 103.935911  18.336094   154.540   154.674  5 55022.99140921 37.678
  38 103.935007  18.335256   152.068   151.060  4 55032.90705100 43.845
  39 103.936109  18.335772   151.450   150.183  4 55042.82269245 45.000
  40 103.939975  18.337052   150.111   150.088  5 55052.73833268 45.044
  41 103.944049  18.338275   149.348   149.328  3 55062.65397079 42.802
  42 103.943887  18.338604   149.714   149.648  4 55072.56961477 48.319
  43 103.940539  18.337958   149.016   149.005  4 55082.48526271 45.649
  44 103.936538  18.336050   149.072   149.085  4 55092.40090906 49.142
  45 103.933961  18.334805   149.677   149.655  4 55102.31655553 40.035
  46 103.932877  18.333738   147.041   147.025  5 55112.23220188 41.346
  47 103.934891  18.335681   146.061   146.084  4 55122.14784683 45.418
  48 103.936637  18.335823   145.566   145.529  5 55132.06348843 44.314
  49 103.937832  18.336772   144.597   144.623  4 55141.97912792 43.658
  50 103.937501  18.335757   147.986   147.405  4 55151.89476597 29.468
  51 103.939486  18.337753   143.673   143.621  4 55161.81040488 51.268
  52 103.942358  18.338827   143.578   143.539  4 55171.72604330 51.965
  53 103.945594  18.339270   143.523   143.442  4 55181.64168007 50.194
  54 103.942162  18.338164   143.173   143.221  4 55191.55732921 46.979
  55 103.936738  18.335949   143.017   143.020  5 55201.47297855 47.146
  56 103.932752  18.334194   142.770   142.715  4 55211.38862771 49.295
  57 103.931645  18.333791   143.235   143.149  5 55221.30427701 48.147
  58 103.932078  18.334404   142.995   142.970  5 55231.21992555 45.919
  59 103.933009  18.333918   142.638   142.559  5 55241.13557061 49.351
  60 103.932953  18.334186   142.091   141.992  5 55251.05121205 48.736
  61 103.932017  18.334332   142.235   142.261  5 55260.96685080 48.871
  62 103.932305  18.334470   142.273   142.146  5 55270.88248851 49.773
  63 103.934811  18.335474   151.777   152.864  5 55280.79812640 25.029
  64 103.939329  18.337430   142.238   142.146  4 55290.71376346 49.346
  65 103.944366  18.338597   142.460   142.482  4 55300.62939811 51.172
  66 103.943241  18.337391   142.793   142.640  4 55310.54504362 49.165
  67 103.941467  18.338094   143.161   143.196  4 55320.46068905 46.153
  68 103.938723  18.336973   142.809   142.850  4 55330.37633321 45.635
  69 103.937175  18.336095   142.962   142.959  4 55340.29197747 39.240
  70 103.937903  18.336403   143.338   143.310  4 55350.20762194 48.583
  71 103.939214  18.336811   144.619   144.547  4 55360.12326436 43.878
  72 103.939281  18.336784   145.558   143.788  5 55370.03890423 44.255
  73 103.938830  18.335824   147.877   145.458  4 55379.95454220 48.562
  74 103.940135  18.337061   146.537   144.818  5 55389.87017989 43.831
  75 103.943864  18.338782   147.097   147.065  4 55399.78581679 48.449
  76 103.945572  18.339502   150.293   149.220  4 55409.70146388 45.066
  77 103.943927  18.337650   150.154   150.127  4 55419.61711344 48.159
  78 103.941493  18.337580   150.694   150.739  3 55429.53276017 41.301
  79 103.937564  18.336233   153.830   154.031  5 55439.44840426 37.467
  80 103.934914  18.335013   151.709   150.897  4 55449.36404733 36.911
  81 103.935659  18.336027   151.615   151.588  4 55459.27969088 46.938
  82 103.937896  18.336562   152.389   152.251  4 55469.19533366 32.963
  83 103.940774  18.336929   148.602   147.775  4 55479.11097324 34.162
  84 103.943710  18.338786   148.645   148.688  4 55489.02661013 40.388
  85 103.945117  18.338764   151.773   151.641  3 55498.94224401 27.142
  86 103.943957  18.338066   151.457   151.429  4 55508.85788321 26.272
  87 103.940495  18.336875   144.613   144.621  4 55518.77353255 40.918
  88 103.939128  18.336284   148.654   149.780  4 55528.68918127 27.386
  89 103.938797  18.336896   143.758   143.727  4 55538.60482856 37.573
  90 103.937289  18.335810   143.908   143.977  4 55548.52047333 49.452
  91 103.934767  18.334908   143.703   143.689  4 55558.43611651 43.958
  92 103.933217  18.333932   152.852   155.135  5 55568.35175906 35.218
  93 103.935194  18.335605   150.695   151.491  5 55578.26740168 26.142
  94 103.938372  18.335791   143.554   143.595  4 55588.18304184 48.387
  95 103.942873  18.337199   143.289   143.244  4 55598.09867918 46.767
  96 103.945867  18.339083   142.761   142.697  4 55608.01431362 48.561
  97 103.946888  18.338820   143.200   143.277  3 55617.92994519 49.428
  98 103.943926  18.338223   143.003   142.890  3 55627.84559045 42.060
  99 103.941550  18.337159   143.214   143.231  4 55637.76124092 43.036
 100 103.941767  18.337837   143.713   143.704  4 55647.67688989 32.115
 101 103.941653  18.337306   143.219   143.154  4 55657.59253576 49.800
 102 103.941132  18.337211   143.114   143.122  4 55667.50817768 48.044
 103 103.939933  18.336303   143.133   143.162  4 55677.42381689 48.491
 104 103.940619  18.337671   143.765   143.775  4 55687.33945504 32.587
 105 103.942164  18.337378   144.937   144.925  4 55697.25509168 46.868
 106 103.946308  18.338901   145.636   145.610  4 55707.17072760 48.529
 107 103.944402  18.338618   144.832   144.819  4 55717.08637851 47.373
 108 103.941717  18.338537   146.303   146.326  4 55727.00202673 47.558
 109 103.938422  18.336489   155.122   155.148  5 55736.91767260 36.260
 110 103.936962  18.336670   152.152   151.201  4 55746.83331771 44.763
 111 103.937062  18.335852   150.261   149.133  5 55756.74896068 50.842
 112 103.940489  18.337820   152.108   151.184  4 55766.66460198 47.289
 113 103.943620  18.338246   153.825   153.474  4 55776.58024011 43.878
 114 103.945800  18.339087   152.967   152.421  4 55786.49587571 39.353
 115 103.946729  18.339052   152.773   152.722  3 55796.41150952 47.310
 116 103.945882  18.338958   151.580   151.573  4 55806.32715095 44.762
 117 103.944095  18.338274   154.305   154.342  4 55816.24280021 33.252
 118 103.944877  18.338666   153.219   153.236  4 55826.15844690 45.359
 119 103.945972  18.338917   153.428   153.418  3 55836.07408908 43.142
 120 103.946481  18.339100   149.170   149.064  3 55845.98972766 41.195
 121 103.946992  18.339053   147.395   147.445  4 55855.90536331 50.008
 122 103.945569  18.338418   147.430   146.712  4 55865.82100464 36.504
 123 103.942374  18.338754   145.649   145.600  4 55875.73665690 49.937
 124 103.941464  18.337643   144.757   144.773  4 55885.65230318 34.436
 125 103.942222  18.337125   144.361   144.254  4 55895.56794407 52.885
 126 103.944957  18.338024   150.201   150.048  4 55905.48358035 24.593
 127 103.944358  18.338821   147.014   146.987  4 55915.39922319 28.433
 128 103.939019  18.336405   152.000   154.423  4 55925.31487641 31.820
 129 103.937210  18.336750   149.431   149.403  4 55935.23052731 28.271
 130 103.936990  18.335978   143.916   143.870  5 55945.14617331 46.741
 131 103.938257  18.336369   143.456   143.362  5 55955.06181515 50.047
 132 103.939436  18.337232   143.095   143.003  4 55964.97745408 42.387
 133 103.939421  18.336343   143.063   142.997  4 55974.89309087 48.359
 134 103.941788  18.337581   142.890   142.872  4 55984.80872716 50.136
 135 103.946746  18.338805   142.990   142.973  4 55994.72436117 50.024
 136 103.944887  18.337846   142.928   142.880  4 56004.64001247 48.365
 137 103.943313  18.338322   142.670   142.673  4 56014.55566052 50.054
 138 103.940194  18.337228   142.716   142.735  4 56024.47130522 47.095
 139 103.937433  18.335703   143.056   142.951  4 56034.38694797 47.740
 140 103.938293  18.337150   142.641   142.655  4 56044.30258968 35.546
 141 103.940430  18.337726   142.778   142.766  4 56054.21822856 44.653
 142 103.944012  18.338088   144.224   144.197  4 56064.13386390 45.504
 143 103.944123  18.338128   144.149   144.104  3 56074.04950717 48.686
 144 103.940646  18.337966   145.678   145.622  4 56083.96515640 47.469
 145 103.938647  18.337428   144.802   144.734  4 56093.88080310 51.251
 146 103.938624  18.337186   145.817   145.818  4 56103.79644779 53.829
 147 103.940022  18.337287   148.190   145.937  4 56113.71207817 50.828
 148 103.942328  18.337171   149.404   147.585  4 56123.62771648 46.191
 149 103.946002  18.338812   147.413   147.374  3 56133.54335146 46.480
 150 103.946258  18.338074   151.651   151.646  4 56143.45899005 46.342
 151 103.942633  18.337579   152.958   152.562  4 56153.37464040 40.084
 152 103.940418  18.337350   151.275   151.275  4 56163.29028968 45.633
 153 103.940391  18.337940   150.593   150.611  4 56173.20593730 41.659
 154 103.941303  18.336926   152.134   152.085  4 56183.12157965 34.448
 155 103.942670  18.337941   148.484   148.432  3 56193.03721858 39.279
 156 103.942981  18.337891   147.308   147.239  4 56202.95285426 46.086
 157 103.944773  18.338686   146.745   146.752  3 56212.86848827 45.156
 158 103.948224  18.338479   145.808   145.841  4 56222.78412022 38.580
 159 103.945171  18.338431   145.565   145.653  3 56232.69977604 49.889
 160 103.943027  18.338417   151.321   151.123  4 56242.61542798 23.864
 161 103.939952  18.336241   144.360   144.323  4 56252.53107514 46.314
 162 103.938984  18.336837   144.283   144.234  5 56262.44671870 48.671
 163 103.938844  18.336837   144.144   144.077  5 56272.36236043 48.048
 164 103.939566  18.336609   143.722   143.664  4 56282.27800301 47.548
 165 103.938277  18.336828   146.985   146.773  4 56292.19365543 27.971
 166 103.936778  18.335391   146.143   143.540  4 56302.10930294 31.458
 167 103.936096  18.335552   143.521   143.547  4 56312.02494647 47.695
 168 103.935515  18.335027   143.353   143.343  4 56321.94058739 49.102
 169 103.936394  18.335862   143.644   143.643  4 56331.85622786 41.679
 170 103.939134  18.337285   143.103   143.101  4 56341.77186806 44.795
 171 103.942913  18.337551   143.187   143.191  4 56351.68750584 50.455
 172 103.945603  18.339195   143.184   143.245  4 56361.60314593 49.911
 173 103.941942  18.338590   143.156   143.154  4 56371.51879472 46.502
 174 103.937110  18.336604   142.398   142.400  4 56381.43444068 42.588
 175 103.934036  18.334767   142.456   142.476  4 56391.35008491 42.998
 176 103.935197  18.335112   143.244   143.228  4 56401.26572834 47.026
 177 103.938511  18.336680   143.238   143.175  4 56411.18136947 47.677
 178 103.942519  18.337393   143.703   143.698  4 56421.09700545 39.514
 179 103.943597  18.337478   143.908   143.969  4 56431.01264409 44.753
 180 103.938205  18.336689   143.928   143.928  4 56440.92829607 44.225
 181 103.934556  18.334918   144.361   144.356  4 56450.84394537 48.345
 182 103.934941  18.335491   146.701   144.629  5 56460.75959317 51.305
 183 103.936699  18.336457   146.932   146.948  4 56470.67523789 48.406
 184 103.938699  18.337200   152.684   154.943  4 56480.59087898 39.470
 185 103.939957  18.337096   150.668   151.624  5 56490.50651610 47.231
 186 103.941964  18.337725   149.169   149.193  4 56500.42215122 49.601
 187 103.945944  18.339365   152.053   151.222  4 56510.33778556 43.999
 188 103.947244  18.339684   151.741   151.743  4 56520.25342936 48.007
 189 103.944426  18.337917   152.939   152.540  4 56530.16908259 36.046
 190 103.942766  18.337760   151.454   150.326  4 56540.08473225 40.908
 191 103.939905  18.336236   151.121   151.098  4 56550.00037702 38.521
 192 103.937178  18.335912   149.913   148.883  5 56559.91601950 38.908
 193 103.936065  18.335404   148.304   148.326  5 56569.83166091 40.080
 194 103.938535  18.337257   149.597   150.741  4 56579.74730179 30.109
 195 103.943930  18.338477   145.685   145.629  3 56589.66293890 33.392
 196 103.944683  18.337965   148.456   147.994  4 56599.57858426 34.937
 197 103.940629  18.336481   150.917   150.353  4 56609.49423433 25.262
 198 103.937626  18.336261   145.515   145.540  5 56619.40988015 48.615
 199 103.936229  18.335216   145.131   145.136  4 56629.32552292 35.335
 200 103.939062  18.336509   144.915   144.827  4 56639.24116341 45.413
 201 103.941406  18.337388   147.562   147.555  4 56649.15680927 46.040
 202 103.939560  18.337002   144.453   144.449  4 56659.07246074 46.215
 203 103.936559  18.335258   144.122   144.123  4 56668.98810760 34.927
 204 103.934858  18.335573   153.670   153.650  4 56678.90375230 24.997
 205 103.934805  18.335010   144.252   144.257  5 56688.81939528 46.883
 206 103.937982  18.336537   143.378   143.262  5 56698.73503636 42.672
 207 103.943166  18.338768   143.517   143.583  4 56708.65067315 47.353
 208 103.944947  18.339160   143.803   143.756  4 56718.56631183 49.369
 209 103.939490  18.337729   170.123   169.791  4 56728.48196354 30.118
 210 103.934215  18.335303   144.001   143.977  5 56738.39761131 46.178
 211 103.932150  18.334417   143.970   143.908  5 56748.31325607 45.788
 212 103.935102  18.335595   144.109   143.929  5 56758.22889707 41.240
 213 103.941307  18.337570   143.498   143.526  4 56768.14453245 36.341
 214 103.941234  18.337280   143.987   143.964  4 56778.06017879 43.147
 215 103.935916  18.335697   143.777   143.801  4 56787.97583377 37.764
 216 103.929957  18.332576   144.355   144.222  5 56797.89148466 42.603
 217 103.927970  18.332173   144.631   144.638  5 56807.80713078 34.798
 218 103.930942  18.333566   144.337   144.211  5 56817.72277176 47.952
 219 103.936029  18.335465   146.507   146.487  4 56827.63840952 48.434
 220 103.941812  18.338010   152.576   154.586  4 56837.55404433 43.395
 221 103.945704  18.338170   145.114   145.133  4 56847.46967588 48.374
 222 103.941424  18.337096   154.890   154.860  4 56857.38532737 40.433
 223 103.937785  18.336200   151.548   151.522  4 56867.30098056 19.516
 224 103.935920  18.335705   153.196   153.175  5 56877.21663244 43.989
 225 103.934961  18.335535   150.518   148.913  4 56887.13228131 42.125
 226 103.933623  18.334400   152.657   154.444  5 56897.04792710 40.937
 227 103.931527  18.333029   151.061   150.972  5 56906.96356976 41.637
 228 103.930655  18.333449   148.855   148.848  5 56916.87921055 35.194
 229 103.932461  18.334576   150.978   150.940  5 56926.79484970 49.880
 230 103.937511  18.336899   148.451   148.393  4 56936.71048583 45.195
 231 103.944998  18.338695   151.421   151.518  3 56946.62611678 26.840
 232 103.942439  18.337959   145.713   145.707  3 56956.54177026 39.111
 233 103.939200  18.336812   145.348   145.382  5 56966.45741873 44.710
 234 103.936977  18.336133   145.590   145.544  5 56976.37306337 47.908
 235 103.937469  18.336436   144.981   145.013  4 56986.28870406 44.843
 236 103.941939  18.337420   144.706   144.711  4 56996.20433961 36.311
 237 103.944120  18.338182   144.637   144.579  4 57006.11998436 49.255
 238 103.940597  18.336262   144.545   144.470  4 57016.03563856 47.830
 239 103.937508  18.335657   144.389   144.284  4 57025.95128877 45.460
 240 103.935026  18.334890   143.802   143.795  5 57035.86693669 46.921
 241 103.935086  18.335190   143.930   143.775  5 57045.78258235 50.261
 242 103.937269  18.336054   143.338   143.304  5 57055.69822500 48.378
 243 103.940752  18.337650   143.486   143.475  4 57065.61386287 50.294
 244 103.943460  18.338308   150.436   150.599  3 57075.52949608 23.684
 245 103.946835  18.339064   143.087   143.072  3 57085.44512649 52.308
 246 103.941225  18.337712   144.963   143.726  4 57095.36078179 31.011
 247 103.936278  18.335898   144.317   144.298  5 57105.27643768 47.161
 248 103.934812  18.335134   145.041   144.451  4 57115.19208961 30.608
 249 103.935684  18.335604   151.832   151.823  5 57125.10773566 23.982
 250 103.936998  18.336505   143.664   143.658  4 57135.02337633 45.957
 251 103.939721  18.337849   144.588   144.556  4 57144.93901265 50.336
 252 103.942715  18.337895   143.785   143.656  3 57154.85464605 49.593
 253 103.944876  18.338272   143.797   143.610  3 57164.77028447 45.567
 254 103.941534  18.337874   144.046   144.010  4 57174.68594027 42.799
 255 103.939250  18.336325   144.506   144.467  4 57184.60159248 45.312
 256 103.938066  18.335939   145.401   145.331  4 57194.51724120 42.729
 257 103.936984  18.336386   150.748   153.729  5 57204.43287661 36.351
 258 103.936075  18.336203   146.915   144.186  4 57214.34852214 45.884
 259 103.936596  18.335496   151.151   151.088  4 57224.26416621 44.228
 260 103.938899  18.336892   151.838   151.881  4 57234.17980904 48.923
 261 103.940494  18.336716   153.544   153.405  4 57244.09544826 44.238
 262 103.942299  18.337941   154.782   154.673  3 57254.01108506 31.397
 263 103.944079  18.339157   150.230   148.943  4 57263.92672025 41.025
 264 103.944989  18.338612   150.892   150.815  4 57273.84235889 51.391
 265 103.942024  18.338457   148.946   148.868  4 57283.75801558 50.462
 266 103.939533  18.336527   148.566   148.112  4 57293.67366925 41.886
 267 103.938034  18.336509   146.952   146.898  4 57303.58931997 47.387
 268 103.936039  18.335818   147.903   147.913  5 57313.50496688 40.078
 269 103.933862  18.335050   145.345   145.307  5 57323.42061079 40.993
 270 103.933814  18.335236   144.896   144.868  5 57333.33625331 47.875
 271 103.935830  18.335393   144.180   144.166  4 57343.25189413 40.328
 272 103.933817  18.334994   153.281   153.567  5 57353.16754730 29.283
 273 103.934860  18.335276   143.844   143.724  4 57363.08319203 34.107
 274 103.936216  18.335651   148.890   150.032  5 57372.99883329 28.457
 275 103.937550  18.336205   143.861   143.738  4 57382.91447248 50.565
 276 103.939975  18.337023   144.028   143.994  4 57392.83011114 50.080
 277 103.943979  18.338299   143.214   143.188  3 57402.74574902 50.058
 278 103.945522  18.338698   143.049   143.158  3 57412.66139286 34.589
 279 103.942320  18.337920   144.911   144.886  3 57422.57704392 48.432
 280 103.937918  18.336977   143.203   143.056  4 57432.49269232 50.391
 281 103.933826  18.334616   151.602   151.296  4 57442.40833879 25.062
 282 103.933501  18.335257   143.750   143.697  5 57452.32398564 50.278
 283 103.934781  18.335231   152.543   152.940  4 57462.23963086 24.368
 284 103.938727  18.336604   150.054   149.362  5 57472.15527302 26.604
 285 103.941581  18.336783   144.056   144.130  4 57482.07091079 48.981
 286 103.943906  18.338641   144.057   144.054  4 57491.98654557 51.247
 287 103.946399  18.338999   143.313   143.338  3 57501.90217777 50.482
 288 103.943926  18.337461   143.693   143.671  4 57511.81782621 50.424
 289 103.941225  18.336928   143.983   143.869  4 57521.73348060 48.917
 290 103.940332  18.337315   144.114   144.083  4 57531.64913296 49.889
 291 103.938952  18.336231   144.207   144.220  4 57541.56478175 50.424
 292 103.937672  18.336029   144.453   144.475  4 57551.48042809 42.267
 293 103.936480  18.336098   144.226   144.256  4 57561.39607332 47.267
 294 103.935825  18.335601   149.258   147.177  4 57571.31171822 43.785
 295 103.936512  18.335296   155.092   155.092  4 57581.22736321 36.637
 296 103.938638  18.336556   148.784   147.122  5 57591.14300684 44.292
 297 103.939501  18.336873   149.138   147.518  5 57601.05864735 41.902
