#    8.288  -1.152   6.561 ;Mean Elev.(m), Avg Gradient(m/km), RMS Gradient(m/km) - SRTM1     
#   -3.243  -1.108   7.089 ;Mean Elev.(m), Avg Gradient(m/km), RMS Gradient(m/km) - ASTER GDEM
#    9.202  -1.201   6.524 ;Mean Elev.(m), Avg Gradient(m/km), RMS Gradient(m/km) - GMTED2010 
   2 105.479485  12.020822    12.407    12.341  7 54674.41421248 37.734
   3 105.478725  12.021650    -7.444    -7.340  7 54684.32985547 15.772
   4 105.480016  12.022923    14.869    14.932  7 54694.24549736 34.536
   5 105.482548  12.024400   -10.362    -5.316  8 54704.16113694 27.579
   6 105.481091  12.024112    13.130    13.125  8 54714.07678776 44.462
   7 105.478803  12.022099     4.899     5.155  7 54723.99243874 22.088
   8 105.476950  12.015550    14.549    14.577  6 54733.90808825 34.915
   9 105.474627  12.013287    13.216    13.229  5 54743.82373527 41.507
  10 105.474224  12.012380    11.886    11.912  6 54753.73938165 51.290
  11 105.475052  12.012978    10.884    10.908  6 54763.65502710 51.312
  12 105.475992  12.014146    10.217    10.195  6 54773.57066983 51.636
  13 105.476194  12.015949    11.275    10.643  6 54783.48630976 40.371
  14 105.476911  12.017098     9.655     9.304  6 54793.40194797 46.848
  15 105.478550  12.018983    12.093    12.088  6 54803.31758548 31.948
  16 105.480047  12.022765    11.847    11.804  8 54813.23322250 31.065
  17 105.480145  12.023810    12.114    12.123  7 54823.14886634 27.978
  18 105.478457  12.020441    12.054    12.138  7 54833.06450768 28.859
  19 105.476591  12.016187    12.396    12.416  6 54842.98015894 26.900
  20 105.474572  12.014426     4.650     4.624  6 54852.89580836 43.096
  21 105.473993  12.012439     7.103     7.281  6 54862.81145743 39.278
  22 105.473912  12.011573     5.419     4.196  6 54872.72710600 46.522
  23 105.473818  12.012862    12.158    12.295  6 54882.64275198 30.426
  24 105.474260  12.012406     3.665     3.662  5 54892.55839498 44.998
  25 105.473525  12.012404    10.424    11.359  6 54902.47403510 30.497
  26 105.473356  12.011545    13.219    12.982  5 54912.38967425 26.029
  27 105.473665  12.012370    10.352    12.057  5 54922.30531238 27.955
  28 105.475397  12.014926     4.806     3.472  6 54932.22094971 37.189
  29 105.477848  12.019425     3.297     3.266  6 54942.13658507 38.987
  30 105.480482  12.022706     8.009     8.243  8 54952.05221886 29.704
  31 105.480225  12.021888     7.254     7.303  7 54961.96786157 28.959
  32 105.478470  12.019735     5.023     4.181  6 54971.88351048 33.606
  33 105.477589  12.019654     6.594     6.565  6 54981.79915766 47.734
  34 105.477775  12.019661     8.499     8.809  6 54991.71480445 30.997
  35 105.477321  12.019489     7.366     7.339  6 55001.63045060 45.624
  36 105.477263  12.016856    11.810    12.031  6 55011.54609551 30.498
  37 105.476898  12.016016     9.044     9.186  6 55021.46173865 34.055
  38 105.476690  12.016543    13.338    13.319  6 55031.37738074 33.096
  39 105.477297  12.017428    12.983    13.019  6 55041.29302234 38.101
  40 105.478833  12.020896    14.546    14.563  7 55051.20866222 35.338
  41 105.480844  12.022243    79.781    80.973  6 55061.12430045 19.114
  42 105.480092  12.022455    13.021    13.018  8 55071.03994268 36.927
  43 105.477807  12.018308    16.790    17.039  6 55080.95559241 26.008
  44 105.475479  12.015576    13.795    13.718  6 55090.87123988 36.873
  45 105.474778  12.013105    12.481    12.480  6 55100.78688645 53.180
  46 105.474889  12.013470    15.889    15.854  5 55110.70253194 50.573
  47 105.475635  12.015402    12.388    12.401  5 55120.61817530 53.562
  48 105.476575  12.015733    12.868    12.825  6 55130.53381632 33.003
  49 105.476521  12.015677    12.057    12.154  6 55140.44945550 34.435
  50 105.476861  12.015312     9.177     8.798  6 55150.36509419 42.616
  51 105.478022  12.017996    12.325    12.532  6 55160.28073259 28.845
  52 105.479653  12.022311    12.124    12.294  7 55170.19637046 28.559
  53 105.481698  12.024477    11.201    11.915  8 55180.11200753 27.112
  54 105.480062  12.022058     5.382     5.373  7 55190.02765591 39.155
  55 105.477336  12.017509     9.461    10.004  5 55199.94330741 32.472
  56 105.475762  12.014166    10.354    10.784  6 55209.85895780 27.877
  57 105.475091  12.014641     8.894     8.195  5 55219.77460681 33.320
  58 105.475111  12.014283     8.849     9.385  5 55229.69025494 26.889
  59 105.475352  12.013842    11.784    11.757  6 55239.60589990 24.014
  60 105.474545  12.013599     3.208     3.166  6 55249.52154110 47.235
  61 105.473842  12.011756    11.691    11.997  5 55259.43718052 25.309
  62 105.473621  12.012618     5.840     5.969  6 55269.35281894 33.053
  63 105.475212  12.013292     6.129     6.434  6 55279.26845760 28.624
  64 105.476955  12.017672     9.466     9.276  6 55289.18409431 26.415
  65 105.479112  12.022851     8.581     8.753  7 55299.09972852 25.357
  66 105.479201  12.020999     7.523     7.572  6 55309.01537325 26.218
  67 105.477344  12.018523     8.823     8.587  6 55318.93101977 27.671
  68 105.476381  12.015553     4.574     3.385  6 55328.84666511 32.607
  69 105.476367  12.015717     8.320     7.920  5 55338.76230917 23.049
  70 105.477336  12.017642    10.674    10.870  5 55348.67795250 23.743
  71 105.478003  12.019990     4.115     4.214  6 55358.59359381 42.170
  72 105.478016  12.020229    14.168    12.148  6 55368.50923339 27.080
  73 105.478254  12.019644    18.630    15.549  7 55378.42487183 24.484
  74 105.478633  12.021713     8.992     9.321  7 55388.34050922 27.755
  75 105.480675  12.023767    10.779     8.769  8 55398.25614600 28.136
  76 105.481986  12.024177     8.866     8.847  7 55408.17179098 36.356
  77 105.480077  12.022981    12.746    10.914  7 55418.08744216 27.482
  78 105.477784  12.019431    11.185    11.174  6 55428.00309034 37.585
  79 105.475673  12.016395    12.974    12.983  6 55437.91873551 45.784
  80 105.474896  12.014655    13.556    13.578  6 55447.83437895 36.023
  81 105.475650  12.014518    12.306    12.340  6 55457.75002171 53.328
  82 105.477033  12.016130    11.999    11.998  6 55467.66566342 47.400
  83 105.478403  12.019341    12.594    12.585  7 55477.58130153 49.717
  84 105.479191  12.022882    12.418    12.332  7 55487.49693645 37.016
  85 105.480225  12.023556    12.312    12.380  8 55497.41256999 40.373
  86 105.480557  12.023568    12.618    12.603  7 55507.32820727 34.341
  87 105.478732  12.022061    12.240    12.193  7 55517.24385820 35.255
  88 105.478774  12.020453    12.218    12.223  6 55527.15950852 31.126
  89 105.478494  12.019288    11.807    11.961  6 55537.07515676 32.360
  90 105.477332  12.018364    11.903    11.987  6 55546.99080259 28.846
  91 105.476354  12.015410    12.059    12.319  6 55556.90644685 25.915
  92 105.475407  12.015889    11.632    12.170  6 55566.82208932 26.190
  93 105.477056  12.015766     9.159     9.186  6 55576.73773126 25.816
  94 105.478108  12.019437    10.960    11.025  6 55586.65337036 24.322
  95 105.479471  12.022619     3.924     3.961  7 55596.56900640 46.798
  96 105.480533  12.023401     8.358     8.250  7 55606.48463996 26.360
  97 105.481514  12.024048     7.740     7.824  7 55616.40027177 29.218
  98 105.480788  12.023686     3.392     3.492  8 55626.31591484 40.323
  99 105.479255  12.022084     9.437     9.741  7 55636.23156740 26.207
 100 105.478955  12.020102     9.249     9.302  7 55646.14721813 23.865
 101 105.478101  12.019466     3.716     3.623  7 55656.06286574 38.798
 102 105.477961  12.017300     7.490     7.875  6 55665.97850914 25.205
 103 105.477510  12.016805     6.310     6.206  6 55675.89414893 29.703
 104 105.477307  12.019345     7.351     7.279  6 55685.80978604 28.144
 105 105.478916  12.021908     3.937     4.037  7 55695.72542199 42.860
 106 105.481924  12.024932     7.841     8.017  7 55705.64105662 28.862
 107 105.481803  12.023790     8.352     8.795  7 55715.55670488 33.049
 108 105.479792  12.022070    14.155    13.876  7 55725.47235347 24.420
 109 105.478174  12.019541    11.014    11.001  6 55735.38800060 26.086
 110 105.477701  12.016869    11.319    11.280  6 55745.30364679 37.239
 111 105.477195  12.018150    11.146    11.194  6 55755.21929063 34.340
 112 105.478115  12.019819    12.208    12.217  6 55765.13493222 42.148
 113 105.478874  12.021630    13.704    13.761  7 55775.05057094 40.311
 114 105.479758  12.021041    15.524    15.505  7 55784.96620693 33.780
 115 105.480337  12.023146    74.243    67.553  7 55794.88183991 13.647
 116 105.481539  12.023749    14.745    14.786  7 55804.79747774 34.088
 117 105.481037  12.023080    14.949    15.012  7 55814.71312674 30.923
 118 105.480970  12.023369    15.788    15.795  7 55824.62877320 36.935
 119 105.481027  12.023872    15.757    15.766  7 55834.54441503 31.698
 120 105.481340  12.023833    15.728    15.712  8 55844.46005335 38.907
 121 105.482265  12.024367    14.874    14.817  8 55854.37568899 31.018
 123 105.480215  12.023265    13.264    13.297  7 55874.20698165 34.182
 124 105.479978  12.022038    11.415    11.504  7 55884.12263043 37.891
 125 105.480053  12.022935    12.195    12.206  8 55894.03827267 32.593
 126 105.481377  12.024258    11.708    12.216  7 55903.95390942 31.712
 127 105.481721  12.024379    12.410    11.967  7 55913.86954861 27.554
 128 105.478789  12.020779    12.395    12.435  7 55923.78520309 31.325
 129 105.477638  12.018431    12.417    12.484  6 55933.70085424 28.751
 130 105.477269  12.017775     5.190     5.178  6 55943.61650060 43.729
 131 105.477470  12.016917     4.824     4.821  6 55953.53214274 42.494
 132 105.477108  12.017634    12.789    12.796  6 55963.44778166 25.387
 133 105.477509  12.017818     6.049     4.411  5 55973.36341925 31.675
 134 105.479020  12.020839    11.175    12.408  7 55983.27905537 25.614
 135 105.482114  12.024674    10.349     9.875  8 55993.19468960 25.255
 136 105.480928  12.024083     9.946     9.148  8 56003.11033951 25.830
 137 105.479109  12.020077    10.567    11.439  7 56013.02598998 24.370
 138 105.476743  12.018142    11.278    12.018  6 56022.94163640 25.191
 139 105.476142  12.016148    12.219    12.296  6 56032.85728006 24.751
 140 105.476734  12.018204     8.077     8.351  6 56042.77292066 31.875
 141 105.478517  12.020588     7.175     7.006  7 56052.68855858 30.458
 142 105.480865  12.023524    12.440    10.328  7 56062.60419331 29.120
 143 105.481792  12.023955    11.728    11.679  8 56072.51983339 24.680
 144 105.479088  12.021891    12.674    12.765  7 56082.43548349 25.686
 145 105.478399  12.018088     9.935     9.787  6 56092.35113183 28.619
 146 105.477597  12.019509    11.383    11.360  6 56102.26677700 27.173
 147 105.477944  12.019939    17.113    19.744  6 56112.18240826 28.623
 148 105.478767  12.021284    12.466    12.484  7 56122.09804735 30.498
 149 105.479843  12.023493    16.713    14.776  7 56132.01368249 25.793
 150 105.480639  12.023889    10.333    10.344  7 56141.92931865 35.021
 151 105.478736  12.020463    12.372    12.274  7 56151.84496975 40.565
 152 105.478047  12.019617    12.121    12.098  6 56161.76061855 52.140
 153 105.478574  12.019739    13.514    13.493  6 56171.67626532 43.306
 154 105.478940  12.021572    13.546    13.555  7 56181.59190721 41.965
 155 105.479162  12.021599    12.856    12.869  7 56191.50754570 46.600
 156 105.478907  12.022426    12.780    12.635  7 56201.42318144 40.375
 157 105.480513  12.024096    12.950    13.016  7 56211.33881539 34.372
 160 105.481132  12.023292    12.181    12.214  7 56241.08575422 30.887
 161 105.479330  12.020297    11.653    12.012  7 56251.00140381 38.171
 162 105.478303  12.018895    11.504    12.272  7 56260.91704826 38.592
 163 105.478068  12.019788     9.504    10.753  6 56270.83268979 39.499
 164 105.479149  12.020813    11.085    11.733  7 56280.74832951 30.705
 165 105.478022  12.018751     4.722     4.712  6 56290.66398196 47.734
 166 105.476631  12.018209     4.071     4.155  6 56300.57962966 45.721
 167 105.476100  12.016012     9.736     9.815  5 56310.49527371 26.593
 168 105.476018  12.014447     3.873     3.849  6 56320.41091567 37.905
 169 105.476059  12.015858    10.549    12.110  5 56330.32655659 27.039
 170 105.477988  12.017029     5.300     3.759  6 56340.24219726 36.378
 171 105.479399  12.023008     9.762     9.437  7 56350.15783477 26.614
 172 105.481446  12.023640     9.899     9.899  8 56360.07347267 25.110
 173 105.478359  12.019971     9.461     9.643  6 56369.98912364 25.479
 175 105.474818  12.014477    10.348    11.009  6 56389.82041696 25.775
 176 105.476400  12.015797     7.461     8.227  6 56399.73605981 31.698
 177 105.478160  12.019717     3.661     3.704  7 56409.65169943 42.719
 178 105.480088  12.023340     8.173     7.836  8 56419.56733449 27.789
 179 105.481742  12.024269     9.195     9.006  7 56429.48296921 24.809
 180 105.478143  12.019846     6.770     6.470  6 56439.39862299 32.674
 181 105.476136  12.016745     4.660     4.626  6 56449.31427437 35.068
 182 105.476134  12.015411     9.732    10.723  5 56459.22992355 28.246
 183 105.476023  12.016068     8.265     8.375  6 56469.14556908 32.673
 184 105.476637  12.015796     7.317     7.341  6 56479.06121088 37.874
 185 105.477024  12.017022    22.667    24.902  5 56488.97684836 23.528
 186 105.478191  12.019000    12.477    12.753  6 56498.89248297 33.327
 187 105.480295  12.023268    14.359    14.269  8 56508.80811571 46.406
 189 105.481380  12.023616    13.152    13.059  7 56528.63940852 36.338
 190 105.480017  12.023260    13.464    13.497  8 56538.55505771 50.126
 191 105.478785  12.020013    12.871    12.618  7 56548.47070346 39.464
 192 105.477070  12.018009    15.916    15.915  6 56558.38634668 34.969
 193 105.476892  12.017602    15.366    15.354  6 56568.30198912 37.797
 194 105.478491  12.019486    13.360    13.327  7 56578.21763018 42.068
 195 105.481100  12.024604    12.963    12.897  8 56588.13326711 33.621
 196 105.482342  12.025159    12.649    12.720  7 56598.04890992 29.090
 197 105.479574  12.021108    12.534    12.370  7 56607.96456220 34.841
 198 105.477216  12.019151    12.703    12.810  6 56617.88020894 33.479
 199 105.477397  12.017169    12.440    12.597  6 56627.79585240 27.701
 200 105.478582  12.019316     8.246     6.865  6 56637.71149210 45.059
 201 105.479335  12.022884     7.574     6.221  7 56647.62713370 40.569
 202 105.477956  12.019473     7.413     6.851  6 56657.54278593 41.617
 203 105.476887  12.015616    12.093    12.126  6 56667.45843413 25.712
 204 105.475787  12.015015    12.567    12.293  5 56677.37407942 25.193
 205 105.475846  12.015978     4.869     4.927  6 56687.28972354 46.439
 206 105.477313  12.017634     9.791     9.981  6 56697.20536565 28.486
 207 105.479222  12.021847    10.315    11.205  7 56707.12100271 26.209
 208 105.480691  12.024246    10.406    10.186  7 56717.03663821 26.250
 209 105.477774  12.018027     4.032     4.076  6 56726.95229266 36.681
 210 105.475539  12.013518     8.197     8.145  6 56736.86794251 27.414
 211 105.474756  12.013174    11.591    11.883  6 56746.78358791 25.403
 212 105.476749  12.015674     9.930     9.397  6 56756.69922846 26.100
 213 105.479446  12.022448     4.136     4.108  7 56766.61486233 42.117
 214 105.480322  12.022984     4.325     4.382  7 56776.53050400 41.600
 215 105.476906  12.017982    11.577    11.734  6 56786.44616082 27.689
 216 105.474038  12.012511     5.483     4.297  6 56796.36181443 36.636
 217 105.472980  12.009384    11.415    11.304  5 56806.27746321 27.801
 218 105.473816  12.011892    10.791    12.198  5 56816.19310472 25.240
 219 105.475469  12.015201    12.182    11.916  6 56826.10874265 23.631
 220 105.477473  12.018427    10.400    10.593  6 56836.02437711 25.746
 221 105.479340  12.022924     9.256     9.157  7 56845.94000792 29.474
 222 105.478664  12.020430    10.689    10.631  7 56855.85565611 27.025
 223 105.477071  12.018681    14.027    14.041  6 56865.77130934 49.831
 224 105.476906  12.015308    16.606    16.531  6 56875.68696190 35.511
 225 105.475910  12.015198    14.665    14.684  6 56885.60261059 37.173
 226 105.475216  12.014451    13.201    13.422  6 56895.51825658 39.555
 227 105.474319  12.013749    13.055    13.044  6 56905.43389960 43.489
 228 105.473990  12.012970    13.355    13.359  6 56915.34954085 40.145
 229 105.475176  12.014530    13.115    13.206  6 56925.26518015 38.194
 230 105.478000  12.017835    12.771    12.761  6 56935.18081642 41.303
 231 105.481380  12.024516    12.846    12.951  7 56945.09644684 31.368
 232 105.480452  12.022397    12.871    12.763  7 56955.01209785 34.980
 233 105.477889  12.019761     9.822     9.824  6 56964.92774800 47.203
 234 105.476630  12.017565    13.039    13.314  6 56974.84339337 31.044
 235 105.477607  12.016957    11.269    11.870  6 56984.75903402 34.838
 236 105.479234  12.022963     6.446     5.678  7 56994.67466807 46.945
 237 105.481492  12.023936    12.465    12.734  8 57004.59030775 25.437
 238 105.478716  12.020747     5.116     5.137  6 57014.50596359 38.141
 239 105.476805  12.017407    12.279    12.964  6 57024.42161505 28.799
 240 105.476122  12.015487    12.756    12.818  5 57034.33726428 24.762
 241 105.476436  12.016123     9.084    10.661  5 57044.25291080 27.450
 242 105.476990  12.018347    12.555    12.593  6 57054.16855436 25.328
 243 105.478518  12.018728     3.734     3.774  6 57064.08419368 40.694
 244 105.479677  12.020507    11.200    11.460  7 57073.99982768 24.724
 245 105.481615  12.023806    10.027     9.214  8 57083.91545772 25.896
 246 105.479508  12.022755    10.940    11.045  7 57093.83110871 25.565
 247 105.477331  12.019401    11.328    11.764  6 57103.74676579 28.968
 248 105.477317  12.016297     9.772     9.345  6 57113.66241884 23.425
 249 105.477324  12.016754     9.612     9.180  6 57123.57806506 26.150
 250 105.477233  12.017263     9.572    10.435  5 57133.49370591 26.799
 251 105.477804  12.019705     9.483     9.753  6 57143.40934201 26.928
 252 105.479624  12.021924     8.617     8.206  7 57153.32497573 26.869
 253 105.481709  12.025226     7.724     7.829  8 57163.24060978 29.816
 254 105.479378  12.021826     8.826     7.789  7 57173.15626757 26.613
 255 105.477421  12.019641    11.162    10.994  6 57183.07192197 23.762
 256 105.476405  12.016034     8.078     7.600  5 57192.98757278 26.770
 257 105.475560  12.014043     9.788     9.669  6 57202.90322049 27.701
 258 105.475420  12.014725    14.656    14.365  5 57212.81885402 26.758
 259 105.476828  12.016478    11.915    11.475  6 57222.73449708 26.235
 260 105.478095  12.019066     9.836     9.363  6 57232.65013829 30.529
 261 105.478699  12.021288    12.480    12.477  7 57242.56577676 38.725
 262 105.479491  12.022033    11.999    11.948  7 57252.48141308 34.656
 263 105.480859  12.023200    11.259    11.266  8 57262.39704792 27.576
 265 105.480912  12.023888    12.057    12.264  7 57282.22834054 32.785
 266 105.479778  12.021231    11.954    11.905  7 57292.14399624 33.633
 267 105.478341  12.018267    11.288    11.240  6 57302.05964869 41.243
 268 105.476195  12.017228    12.164    11.929  6 57311.97529689 35.185
 269 105.475179  12.014194     9.701     9.783  5 57321.89094211 37.391
 270 105.474905  12.014439    11.432    11.909  5 57331.80658426 32.997
 271 105.476734  12.015372     9.500    11.330  6 57341.72222425 36.287
 272 105.475654  12.014874     4.983     5.003  6 57351.63787533 45.133
 273 105.476238  12.014649     4.556     4.598  6 57361.55351972 41.380
 274 105.476197  12.015931     5.231     4.012  6 57371.46916066 35.015
 275 105.476793  12.016628     8.736     8.904  6 57381.38480007 29.565
 276 105.478399  12.019184     6.974     6.691  7 57391.30043877 30.690
 277 105.480648  12.024181     3.551     3.483  7 57401.21607621 36.953
 279 105.479894  12.022591    10.705    10.909  7 57421.04737082 23.288
 280 105.477506  12.017350     7.986     8.010  6 57430.96302158 26.136
 281 105.475475  12.015432     9.127     8.624  6 57440.87866948 25.030
 282 105.475652  12.015744     6.542     6.248  6 57450.79431596 27.235
 283 105.476571  12.017851     9.335     9.188  6 57460.70996047 29.107
 284 105.478432  12.020483    10.643     9.935  7 57470.62560150 23.225
 285 105.480165  12.021441     8.632     8.524  7 57480.54123886 23.406
 286 105.480661  12.022780     9.788     8.787  7 57490.45687304 22.515
 287 105.482049  12.024801     7.390     7.771  8 57500.37250541 25.525
 288 105.481521  12.024366     8.375     8.175  8 57510.28815151 22.950
 289 105.479588  12.021083     8.181     7.403  7 57520.20380801 21.976
 290 105.478275  12.019712     7.031     7.096  6 57530.11946158 27.664
 291 105.477076  12.018448     8.254     8.505  6 57540.03511182 26.786
 292 105.476297  12.015859     6.399     7.048  6 57549.95075945 28.386
 293 105.475707  12.014199     5.124     4.396  6 57559.86640523 31.910
 294 105.476010  12.014323     8.858     8.831  6 57569.78204991 38.586
 295 105.476972  12.016528    10.141     9.497  6 57579.69769378 27.905
 296 105.478049  12.019448     9.938     9.304  7 57589.61333583 27.389
 297 105.478367  12.020614     9.788     8.452  7 57599.52897552 24.571
