-277370.908    56.024     0.00    5.01
-277081.420    52.878   -10.87    5.99
-276791.925    50.956    -6.64    6.80
-276502.422    48.159    -9.66    7.00
-276212.910    45.846    -7.99    6.48
-275923.391    45.187    -2.27    5.94
-275633.863    45.190     0.01    6.19
-275344.327    46.056     2.99    6.39
-275054.783    46.484     1.48    6.23
-274765.231    47.389     3.12    5.93
-274475.670    47.324    -0.22    6.16
-274186.102    46.007    -4.55    6.70
-273896.525    43.024   -10.30    6.10
-273606.940    41.208    -6.27    6.13
-273317.347    38.860    -8.11    5.00
-273027.746    37.070    -6.18    4.89
-272738.137    35.871    -4.14    4.74
-272448.520    34.240    -5.63    4.94
-272158.894    32.193    -7.07    5.12
-271869.260    29.992    -7.60    5.27
-271579.618    27.927    -7.13    5.24
-271289.968    26.169    -6.07    5.20
-271000.310    25.024    -3.95    5.06
-270710.644    24.690    -1.15    5.16
-270420.969    25.089     1.38    5.77
-270131.286    25.707     2.13    6.47
-269841.596    26.103     1.37    6.47
-269551.897    27.142     3.59    6.45
-269262.189    28.274     3.90    6.40
-268972.474    28.253    -0.07    5.59
-268682.750    28.330     0.27    5.62
-268393.019    28.663     1.15    5.52
-268103.279    28.805     0.49    5.75
-267813.530    28.794    -0.04    5.87
-267523.774    28.752    -0.14    5.52
-267234.010    27.924    -2.86    5.40
-266944.237    27.911    -0.04    5.21
-266654.456    26.852    -3.65    5.42
-266364.667    25.810    -3.59    5.39
-266074.870    24.491    -4.55    5.84
-265785.064    22.943    -5.34    5.38
-265495.251    21.574    -4.72    4.57
-265205.429    21.651     0.27    4.76
-264916.283    21.468    -0.63    4.98
-264628.204    22.307     2.91    5.64
-264340.117    24.411     7.30    6.42
-264052.022    26.340     6.70    6.51
-263763.919    29.074     9.49    5.96
-263475.808    29.765     2.40    5.75
-263187.688    30.214     1.56    5.58
-262899.561    30.039    -0.61    5.46
-262611.425    28.990    -3.64    5.69
-262323.282    26.690    -7.98    6.00
-262035.130    24.122    -8.91    5.76
-261746.970    22.862    -4.37    5.39
-261458.802    23.155     1.01    5.58
-261170.626    23.770     2.13    5.77
-260882.442    24.548     2.70    6.24
-260594.250    26.124     5.47    7.00
-260306.049    27.574     5.03    7.13
-260017.841    28.912     4.64    6.98
-259729.624    29.468     1.93    6.73
-259441.399    29.278    -0.66    7.17
-259153.166    28.547    -2.53    6.91
-258864.925    26.774    -6.15    6.30
-258576.676    24.707    -7.17    5.74
-258288.419    22.581    -7.37    6.16
-258000.153    21.293    -4.47    6.13
-257711.880    20.324    -3.36    5.98
-257423.598    19.220    -3.83    5.63
-257135.308    18.565    -2.27    5.41
-256847.010    19.107     1.88    5.48
-256558.704    18.810    -1.03    5.55
-256270.390    18.881     0.24    6.04
-255982.068    18.330    -1.91    5.95
-255693.737    18.217    -0.39    5.79
-255405.399    17.390    -2.87    6.13
-255117.052    17.357    -0.12    6.52
-254828.697    17.319    -0.13    6.57
-254540.334    16.991    -1.14    6.88
-254251.962    17.087     0.33    7.12
-253963.583    16.905    -0.63    7.20
-253675.196    15.657    -4.33    7.53
-253386.800    14.874    -2.72    7.72
-253098.396    13.597    -4.42    7.27
-252809.984    11.707    -6.55    7.47
-252521.564    10.389    -4.57    7.51
-252233.135     9.269    -3.88    7.50
-251944.699     7.940    -4.61    6.55
-251656.254     6.230    -5.93    6.05
-251367.801     4.620    -5.58    5.29
-251079.340     3.770    -2.95    4.81
-250790.871     3.540    -0.80    3.90
-250502.393     3.265    -0.95    2.87
-250213.908     3.140    -0.43    2.62
-249925.414     3.424     0.98    2.68
-249636.912     4.193     2.67    2.84
-249348.402     4.485     1.01    2.57
-249059.884     4.565     0.28    2.71
-248771.357     4.420    -0.50    2.62
-248482.823     4.140    -0.97    2.69
-248194.280     3.824    -1.10    2.28
-247905.729     3.794    -0.10    2.23
-247617.169     3.373    -1.46    2.13
-247328.602     3.357    -0.05    2.13
-247040.026     3.685     1.14    1.71
-246751.442     3.807     0.42    1.79
-246462.850     3.556    -0.87    1.79
-246174.250     3.417    -0.48    1.86
-245885.642     3.346    -0.25    2.04
-245597.025     3.459     0.39    2.10
-245308.400     3.363    -0.33    2.11
-245019.767     3.640     0.96    2.04
-244731.126     3.604    -0.12    1.91
-244442.476     3.733     0.45    1.52
-244153.819     3.895     0.56    1.43
-243865.153     4.166     0.94    1.62
-243576.479     4.636     1.63    1.97
-243287.796     4.957     1.11    2.11
-242999.106     5.157     0.69    2.04
-242710.407     5.140    -0.06    2.08
-242421.700     4.912    -0.79    2.14
-242132.985     4.876    -0.13    2.10
-241844.261     4.639    -0.82    2.16
-241555.530     4.386    -0.88    1.83
-241266.790     4.374    -0.04    1.80
-240978.041     4.244    -0.45    1.84
-240689.285     4.024    -0.76    1.80
-240400.520     3.881    -0.49    1.84
-240111.748     3.636    -0.85    1.63
-239822.966     3.507    -0.45    1.62
-239534.177     3.161    -1.20    1.43
-239245.380     3.286     0.43    1.65
-238956.574     3.524     0.82    1.72
-238667.760     3.722     0.69    1.98
-238378.937     4.286     1.95    2.50
-238090.107     5.274     3.42    3.18
-237801.268     6.572     4.49    3.81
-237512.421     7.925     4.68    4.15
-237223.565     9.668     6.03    4.14
-236934.702    10.770     3.81    3.65
-236645.830    11.532     2.64    3.02
-236356.950    11.757     0.78    2.18
-236068.061    11.159    -2.07    2.64
-235779.165    10.106    -3.65    2.87
-235490.260     9.024    -3.74    2.87
-235201.347     8.282    -2.57    2.46
-234912.425     7.959    -1.12    2.29
-234623.495     7.957    -0.01    2.27
-234334.557     8.607     2.25    2.78
-234045.611     9.261     2.26    3.37
-233756.657    10.408     3.97    3.93
-233467.694    11.427     3.52    3.81
-233178.723    12.085     2.28    3.34
-232889.743    12.617     1.84    3.12
-232600.756    13.090     1.64    2.90
-232311.760    13.091     0.00    3.10
-232022.755    13.468     1.30    3.72
-231733.743    13.524     0.19    3.83
-231444.722    13.765     0.84    4.04
-231155.693    14.574     2.80    4.14
-230866.656    14.803     0.79    4.26
-230577.610    15.073     0.93    4.01
-230288.556    14.790    -0.98    4.12
-229999.493    14.865     0.26    3.77
-229710.423    15.108     0.84    3.40
-229421.344    16.157     3.63    3.44
-229132.257    16.958     2.77    3.86
-228843.161    17.646     2.38    4.16
-228554.057    19.157     5.22    4.42
-228264.945    20.008     2.94    4.63
-227975.825    20.417     1.42    4.82
-227686.696    20.290    -0.44    5.30
-227397.559    21.024     2.54    5.77
-227108.414    21.136     0.39    6.07
-226819.260    21.182     0.16    6.08
-226530.098    20.685    -1.72    5.60
-226240.927    20.749     0.22    5.21
-225951.749    21.138     1.34    4.53
-225662.562    21.207     0.24    4.24
-225373.366    21.574     1.27    3.78
-225084.163    21.801     0.79    3.53
-224794.951    21.614    -0.65    3.15
-224505.730    21.151    -1.60    2.84
-224216.502    20.657    -1.71    2.99
-223927.265    19.974    -2.36    2.58
-223638.019    19.620    -1.22    2.01
-223348.766    19.960     1.17    2.35
-223059.504    20.754     2.74    2.97
-222770.233    21.120     1.27    3.02
-222480.955    22.290     4.04    3.07
-222191.668    23.407     3.86    3.17
-221902.372    24.653     4.31    3.23
-221613.068    26.340     5.83    3.38
-221323.756    27.643     4.50    3.54
-221034.436    29.057     4.89    3.70
-220745.107    31.207     7.43    3.80
-220455.770    33.138     6.67    4.66
-220166.424    35.346     7.63    5.84
-219877.070    38.056     9.36    6.85
-219587.708    40.230     7.51    7.09
-219298.338    41.685     5.03    6.79
-219008.959    42.074     1.35    7.27
-218719.571    41.907    -0.58    7.56
-218430.175    40.298    -5.56    7.82
-218140.771    40.055    -0.84    7.16
-217851.359    40.007    -0.17    7.17
-217561.938    41.249     4.29    8.29
-217272.509    44.088     9.81   10.49
-216983.071    47.474    11.70   11.42
-216693.625    51.922    15.37   11.84
-216404.171    53.119     4.13   11.57
-216114.708    53.374     0.88   11.29
-215825.237    52.056    -4.55   10.94
-215535.757    50.307    -6.04   10.35
-215246.269    47.424    -9.96    8.16
-214956.773    46.572    -2.94    5.98
-214667.268    46.024    -1.89    4.77
-214377.755    46.341     1.10    4.23
-214088.234    47.457     3.85    3.37
-213798.704    47.807     1.21    2.91
-213509.166    47.974     0.58    2.41
-213219.619    48.024     0.17    2.69
-212930.064    47.499    -1.81    2.99
-212640.500    46.839    -2.28    3.18
-212350.928    46.040    -2.76    3.20
-212061.348    45.540    -1.73    3.48
-211771.759    44.973    -1.96    3.86
-211482.162    43.770    -4.15    4.08
-211192.557    42.443    -4.58    3.46
-210902.943    41.201    -4.29    3.11
-210613.320    40.171    -3.56    2.71
-210323.690    39.472    -2.41    2.68
-210034.050    38.524    -3.27    2.85
-209744.403    37.749    -2.67    2.79
-209454.747    37.278    -1.63    2.90
-209165.082    37.269    -0.03    3.36
-208875.409    37.040    -0.79    3.41
-208585.728    36.286    -2.60    3.73
-208296.038    35.728    -1.92    4.09
-208006.340    35.515    -0.74    4.15
-207716.633    35.198    -1.09    4.28
-207426.918    34.319    -3.04    4.08
-207137.194    33.074    -4.30    3.33
-206847.462    32.907    -0.58    3.10
-206557.722    33.039     0.46    3.02
-206267.973    33.579     1.86    2.82
-205978.216    33.785     0.71    2.61
-205688.450    34.330     1.88    2.49
-205398.676    34.740     1.42    2.36
-205108.893    35.324     2.01    2.16
-204819.102    35.696     1.28    2.47
-204529.302    35.928     0.80    2.66
-204239.494    36.040     0.39    2.63
-203949.678    35.646    -1.36    2.85
-203659.853    35.233    -1.43    3.20
-203370.019    34.624    -2.10    3.16
-203080.178    35.040     1.44    3.45
-202790.426    35.198     0.55    3.54
-202502.389    35.690     1.71    3.55
-202214.344    36.201     1.77    3.70
-201926.291    36.786     2.03    3.55
-201638.230    36.657    -0.45    3.33
-201350.160    36.674     0.06    3.28
-201062.082    36.749     0.26    3.23
-200773.995    37.555     2.80    3.98
-200485.900    38.925     4.76    5.25
-200197.797    41.740     9.77    5.82
-199909.685    44.193     8.51    5.91
-199621.565    46.814     9.10    5.78
-199333.436    49.374     8.88    4.96
-199045.300    50.961     5.51    4.56
-198757.154    51.433     1.64    4.31
-198469.001    51.257    -0.61    4.81
-198180.839    51.390     0.46    5.58
-197892.669    50.151    -4.30    5.80
-197604.490    48.531    -5.62    5.83
-197316.303    46.420    -7.32    5.57
-197028.107    45.389    -3.58    5.09
-196739.904    44.957    -1.50    4.43
-196451.691    44.840    -0.40    3.18
-196163.471    45.778     3.25    3.37
-195875.242    46.820     3.62    3.52
-195587.004    47.524     2.44    3.51
-195298.759    48.055     1.84    3.26
-195010.505    48.794     2.56    3.32
-194722.242    49.574     2.70    3.61
-194433.971    50.107     1.85    4.04
-194145.692    51.182     3.73    4.58
-193857.404    51.475     1.02    5.01
-193569.108    51.862     1.34    5.01
-193280.803    52.778     3.17    5.40
-192992.490    54.244     5.09    5.42
-192704.169    55.411     4.05    5.24
-192415.839    56.696     4.46    5.65
-192127.501    58.817     7.36    6.47
-191839.154    60.396     5.48    7.11
-191550.799    61.557     4.02    7.12
-191262.436    61.257    -1.04    8.32
-190974.064    60.874    -1.33    8.88
-190685.684    60.607    -0.92    8.63
-190397.295    58.976    -5.65    8.22
-190108.898    56.991    -6.88    6.42
-189820.492    55.940    -3.64    5.05
-189532.078    56.317     1.31    4.50
-189243.656    57.532     4.21    4.51
-188955.225    58.556     3.55    4.95
-188666.786    59.975     4.92    6.29
-188378.338    62.690     9.41    7.30
-188089.882    65.702    10.44    7.69
-187801.417    68.857    10.94    8.74
-187512.944    72.357    12.13    9.50
-187224.463    75.285    10.15   10.05
-186935.973    78.943    12.68   11.42
-186647.475    81.555     9.05   11.69
-186358.968    83.140     5.49   11.49
-186070.452    83.690     1.91   11.14
-185781.929    82.057    -5.66   11.75
-185493.397    81.056    -3.47   11.42
-185204.856    79.798    -4.36   10.31
-184916.307    77.897    -6.59    8.29
-184627.749    77.362    -1.85    8.55
-184339.183    77.824     1.60   10.84
-184050.609    79.724     6.58   11.71
-183762.026    80.122     1.38   11.79
-183473.435    79.119    -3.48   11.98
-183184.835    78.142    -3.38   12.50
-182896.227    76.204    -6.72   11.50
-182607.610    74.757    -5.01   10.98
-182318.985    72.890    -6.47    7.58
-182030.351    70.925    -6.81    7.18
-181741.709    68.912    -6.97    8.04
-181453.058    66.491    -8.39    8.88
-181164.399    62.846   -12.63    9.69
-180875.731    59.340   -12.14    9.51
-180587.055    55.724   -12.53    8.86
-180298.370    51.782   -13.65    7.91
-180009.677    49.579    -7.63    6.34
-179720.976    47.658    -6.65    6.00
-179432.266    46.433    -4.24    5.52
-179143.547    45.190    -4.31    5.11
-178854.820    43.220    -6.82    5.08
-178566.085    41.233    -6.88    5.58
-178277.341    40.411    -2.85    5.64
-177988.588    39.992    -1.45    5.45
-177699.827    39.335    -2.27    5.50
-177411.057    38.807    -1.83    5.26
-177122.279    39.524     2.48    5.22
-176833.493    41.484     6.79    5.83
-176544.698    43.516     7.03    5.77
-176255.894    43.912     1.37    5.96
-175967.082    44.754     2.91    6.92
-175678.262    46.357     5.55    6.87
-175389.432    48.240     6.52    7.15
-175100.595    49.466     4.24    7.55
-174811.749    50.883     4.90    8.39
-174522.894    53.024     7.41    8.34
-174234.031    55.878     9.88    8.34
-173945.159    59.860    13.78   10.18
-173656.279    62.657     9.68   11.67
-173367.390    66.857    14.54   12.68
-173078.493    68.658     6.24   13.16
-172789.587    68.433    -0.78   14.04
-172500.673    66.346    -7.22   16.54
-172211.750    62.257   -14.15   18.92
-171922.818    56.922   -18.46   19.93
-171633.878    49.024   -27.33   19.21
-171344.930    43.087   -20.54   16.40
-171055.973    36.897   -21.42   10.10
-170767.007    33.466   -11.87    6.24
-170478.033    31.307    -7.47    5.28
-170189.050    28.810    -8.64    6.23
-169900.059    26.749    -7.13    7.48
-169611.059    25.557    -4.13    7.77
-169322.051    24.992    -1.96    7.59
-169033.034    24.707    -0.99    7.87
-168744.009    25.390     2.36    7.87
-168454.975    26.351     3.33    7.60
-168165.932    28.362     6.96    6.26
-167876.881    29.120     2.62    5.01
-167587.821    28.262    -2.97    5.09
-167298.753    27.265    -3.45    4.99
-167009.676    26.253    -3.50    4.25
-166720.591    25.752    -1.73    3.46
-166431.497    25.798     0.16    3.72
-166142.395    26.789     3.43    4.40
-165853.284    28.056     4.38    5.25
-165564.164    29.378     4.57    5.66
-165275.036    29.846     1.62    5.80
-164985.899    30.340     1.71    5.43
-164696.753    30.871     1.84    5.18
-164407.599    30.944     0.25    4.88
-164118.437    31.237     1.01    4.55
-163829.266    31.556     1.10    4.17
-163540.086    31.890     1.16    4.16
-163250.898    32.207     1.09    4.43
-162961.701    33.314     3.83    4.66
-162672.495    34.738     4.92    5.01
-162383.281    36.547     6.26    5.67
-162094.058    38.712     7.48    6.86
-161804.827    40.407     5.86    7.23
-161515.587    41.290     3.05    7.27
-161226.339    42.087     2.75    6.97
-160937.082    43.876     6.18    7.28
-160647.816    45.977     7.26    8.01
-160358.541    47.443     5.07    8.84
-160069.259    49.190     6.04    9.61
-159779.967    50.581     4.81    9.67
-159490.667    50.484    -0.34    9.37
-159201.358    50.572     0.30    9.82
-158912.041    49.214    -4.69    8.52
-158622.715    47.975    -4.28    6.38
-158333.380    47.140    -2.89    3.63
-158044.037    48.220     3.73    4.40
-157754.685    50.120     6.57    6.06
-157465.324    53.008     9.98    7.84
-157175.955    56.395    11.70    8.08
-156886.577    57.798     4.85    7.35
-156597.191    59.411     5.57    6.74
-156307.796    60.224     2.81    6.39
-156018.392    61.227     3.47    6.24
-155728.980    62.119     3.08    6.94
-155439.559    63.651     5.29    8.01
-155150.130    67.728    14.09   10.30
-154860.691    70.669    10.16   10.38
-154571.244    75.257    15.85   11.44
-154281.789    79.395    14.29   10.25
-153992.325    84.119    16.32    8.55
-153702.852    86.959     9.81    7.55
-153413.371    89.483     8.72    7.31
-153123.880    90.640     4.00    7.33
-152834.382    93.057     8.35    7.62
-152544.874    94.341     4.44    7.52
-152255.358    96.357     6.96    5.16
-151965.833    97.731     4.75    4.90
-151676.300    98.690     3.31    3.90
-151386.758    98.774     0.29    4.22
-151097.207    97.224    -5.35    5.57
-150807.648    96.947    -0.96    5.48
-150518.080    96.565    -1.32    5.55
-150228.503    97.100     1.85    5.53
-149938.918    96.990    -0.38    5.49
-149649.324    98.624     5.64    5.46
-149359.721   100.620     6.89    5.87
-149070.109   102.817     7.58    5.97
-148780.489   104.484     5.75    6.47
-148490.860   105.556     3.70    6.47
-148201.223   107.646     7.22    6.80
-147911.577   108.876     4.24    6.30
-147621.922   109.669     2.74    6.42
-147332.258   110.740     3.70    6.95
-147042.586   111.151     1.42    8.00
-146752.905   110.718    -1.49    9.43
-146463.216   109.190    -5.28   10.89
-146173.517   107.830    -4.69   11.46
-145883.810   104.717   -10.74   11.12
-145594.094   100.384   -14.95    9.63
-145304.370    96.711   -12.68    7.56
-145014.637    94.302    -8.31    6.12
-144724.895    94.890     2.03    7.40
-144435.145    97.140     7.76   11.07
-144145.385   100.378    11.17   15.11
-143855.617   101.992     5.57   14.90
-143565.841   103.246     4.33   15.09
-143276.055   104.604     4.69   14.78
-142986.261   106.450     6.37   13.90
-142696.458   107.340     3.07   13.43
-142406.647   106.171    -4.03   11.19
-142116.827   105.367    -2.77   11.06
-141826.998   105.357    -0.04   11.78
-141537.160   105.794     1.51   12.10
-141247.313   106.265     1.63   11.97
-140957.458   106.040    -0.78   10.98
-140667.594   106.351     1.07   10.44
-140379.056   108.579     7.72   10.97
-140091.049   111.833    11.30   12.66
-139803.033   117.443    19.48   12.80
-139515.009   121.651    14.61   11.10
-139226.976   125.728    14.16   10.36
-138938.934   128.531     9.73   10.17
-138650.884   130.378     6.41   10.13
-138362.825   131.149     2.67    9.89
-138074.757   133.056     6.62    9.63
-137786.681   134.240     4.11   10.30
-137498.597   138.007    13.08   10.80
-137210.503   141.483    12.06   11.68
-136922.401   143.690     7.66   10.70
-136634.291   144.833     3.97   10.22
-136346.171   145.450     2.14   10.11
-136058.043   144.340    -3.85    9.28
-135769.907   143.942    -1.38   10.03
-135481.762   145.862     6.67   14.96
-135193.608   147.770     6.62   17.59
-134905.445   150.325     8.87   18.60
-134617.274   152.088     6.12   18.25
-134329.095   156.224    14.35   18.64
-134040.906   160.074    13.36   21.12
-133752.709   164.124    14.05   21.08
-133464.503   162.500    -5.63   26.23
-133176.289   157.958   -15.76   35.37
-132888.066   147.070   -37.77   45.29
-132599.834   130.227   -58.43   45.76
-132311.594   114.424   -54.82   39.44
-132023.345   104.890   -33.07   30.77
-131735.088   108.177    11.40   36.68
-131446.821   121.960    47.81   52.02
-131158.546   140.928    65.79   66.44
-130870.263   170.524   102.65   74.39
-130581.971   191.007    71.05   72.02
-130293.670   218.122    94.04   66.60
-130005.360   243.765    88.94   57.96
-129717.042   252.914    31.73   53.13
-129428.715   256.611    12.82   50.10
-129140.379   248.007   -29.84   47.49
-128852.035   231.581   -56.96   55.02
-128563.682   210.474   -73.19   61.26
-128275.320   171.401  -135.49   67.54
-127986.950   140.149  -108.37   64.10
-127698.571   111.357   -99.83   52.21
-127410.183    86.679   -85.56   35.32
-127121.787    73.282   -46.45   20.56
-126833.382    65.857   -25.74    7.88
-126544.968    62.433   -11.87    5.86
-126256.545    61.336    -3.80    6.47
-125968.114    59.674    -5.76    7.15
-125679.674    57.975    -5.89    6.60
-125391.226    56.450    -5.29    6.09
-125102.769    54.597    -6.42    5.49
-124814.303    53.182    -4.91    4.91
-124525.828    51.722    -5.06    4.71
-124237.345    50.399    -4.59    4.86
-123948.852    49.286    -3.86    4.87
-123660.352    47.407    -6.51    4.93
-123371.842    46.073    -4.62    5.15
-123083.324    45.089    -3.41    4.48
-122794.797    43.890    -4.15    4.30
-122506.261    43.617    -0.95    4.14
-122217.717    43.368    -0.86    3.70
-121929.164    43.274    -0.33    4.42
-121640.602    42.597    -2.34    4.65
-121352.031    41.547    -3.64    4.70
-121063.452    40.151    -4.84    4.81
-120774.864    39.595    -1.92    4.40
-120486.267    40.362     2.66    5.95
-120197.662    42.187     6.32    8.01
-119909.048    45.040     9.88    8.74
-119620.425    46.874     6.35    8.73
-119331.793    47.579     2.44    7.83
-119043.153    47.674     0.33    7.42
-118754.504    46.325    -4.67    7.40
-118465.846    43.581    -9.51    6.95
-118177.179    41.307    -7.88    6.10
-117888.504    38.907    -8.31    5.23
-117599.820    36.914    -6.90    5.08
-117311.127    35.319    -5.53    4.89
-117022.425    33.777    -5.34    4.02
-116733.715    32.474    -4.52    2.74
-116444.996    31.974    -1.73    2.31
-116156.268    32.319     1.20    2.59
-115867.531    33.436     3.87    4.10
-115578.786    34.912     5.11    4.99
-115290.031    37.185     7.87    6.01
-115001.268    39.745     8.86    6.13
-114712.497    42.778    10.50    5.76
-114423.716    44.581     6.24    4.67
-114134.927    45.663     3.75    4.66
-113846.129    45.976     1.08    5.61
-113557.322    45.939    -0.13    6.41
-113268.507    45.390    -1.90    8.20
-112979.682    44.362    -3.56    8.85
-112690.849    42.240    -7.35    8.70
-112402.007    40.424    -6.29    7.86
-112113.157    38.881    -5.34    7.44
-111824.297    37.237    -5.69    6.81
-111535.429    35.024    -7.66    6.19
-111246.552    33.440    -5.48    6.02
-110957.666    31.253    -7.57    5.19
-110668.771    29.395    -6.43    4.22
-110379.868    28.104    -4.47    3.69
-110090.956    26.531    -5.44    2.97
-109802.035    25.474    -3.66    3.08
-109513.105    24.390    -3.75    3.14
-109224.166    23.074    -4.56    3.25
-108935.219    21.961    -3.85    3.20
-108646.263    20.745    -4.21    3.16
-108357.298    19.500    -4.31    2.68
-108068.324    18.740    -2.63    2.12
-107779.341    18.607    -0.46    1.95
-107490.350    18.607     0.00    1.94
-107201.350    18.885     0.96    1.96
-106912.341    18.912     0.09    1.95
-106623.323    18.944     0.11    2.00
-106334.296    19.140     0.68    1.56
-106045.260    19.457     1.10    2.04
-105756.216    19.679     0.77    2.22
-105467.163    20.088     1.41    2.28
-105178.101    20.722     2.19    2.69
-104889.030    21.895     4.06    3.28
-104599.950    22.975     3.74    3.68
-104310.862    24.765     6.19    4.00
-104021.765    26.024     4.35    4.31
-103732.658    28.407     8.24    4.15
-103443.543    29.992     5.48    3.98
-103154.420    31.724     5.99    3.54
-102865.287    33.286     5.40    3.35
-102576.145    34.507     4.22    3.35
-102286.995    35.524     3.51    3.29
-101997.836    36.548     3.54    3.16
-101708.668    37.262     2.47    3.33
-101419.491    38.104     2.91    3.60
-101130.305    39.088     3.40    3.86
-100841.111    40.230     3.95    3.60
-100551.907    40.630     1.38    3.46
-100262.695    40.669     0.13    3.25
 -99973.474    40.362    -1.06    3.58
 -99684.244    39.182    -4.08    4.46
 -99395.005    37.329    -6.41    4.99
 -99105.757    35.124    -7.62    5.00
 -98816.500    33.190    -6.68    4.90
 -98527.235    32.024    -4.03    4.62
 -98237.960    31.007    -3.51    4.73
 -97948.677    30.285    -2.50    5.12
 -97659.385    29.290    -3.44    5.59
 -97370.084    28.707    -2.02    5.84
 -97080.774    28.540    -0.58    5.80
 -96791.455    27.992    -1.90    5.74
 -96502.128    27.404    -2.03    5.36
 -96212.791    26.404    -3.46    5.11
 -95923.446    25.991    -1.43    4.69
 -95634.091    23.974    -6.97    5.07
 -95344.728    22.597    -4.76    5.25
 -95055.356    20.782    -6.27    4.74
 -94765.975    19.420    -4.70    4.36
 -94476.585    17.975    -4.99    3.86
 -94187.187    16.860    -3.85    2.87
 -93897.779    16.104    -2.61    2.69
 -93608.362    15.724    -1.32    2.86
 -93318.937    14.940    -2.71    2.61
 -93029.503    14.793    -0.51    2.61
 -92740.059    14.390    -1.39    2.39
 -92450.607    14.240    -0.52    2.44
 -92161.146    13.862    -1.31    2.10
 -91871.676    13.794    -0.24    2.12
 -91582.197    13.572    -0.77    1.95
 -91292.710    13.674     0.35    2.17
 -91003.213    13.556    -0.41    2.33
 -90713.707    13.532    -0.08    2.13
 -90424.193    13.540     0.03    2.45
 -90134.669    13.646     0.37    2.70
 -89845.137    13.452    -0.67    2.67
 -89555.595    13.738     0.99    2.69
 -89266.045    13.547    -0.66    2.64
 -88976.486    13.357    -0.66    2.05
 -88686.918    13.124    -0.81    1.78
 -88397.341    13.257     0.46    1.79
 -88107.755    13.316     0.20    1.77
 -87818.160    13.588     0.94    1.54
 -87528.556    13.639     0.18    1.63
 -87238.943    13.778     0.48    1.62
 -86949.321    13.957     0.62    1.81
 -86659.691    14.274     1.09    1.99
 -86370.051    14.817     1.88    2.27
 -86080.403    15.685     3.00    2.69
 -85790.745    16.507     2.84    3.06
 -85501.079    17.335     2.86    3.18
 -85211.403    17.769     1.50    3.00
 -84921.719    18.507     2.55    3.28
 -84632.025    18.484    -0.08    3.08
 -84342.323    18.524     0.14    3.09
 -84052.612    18.810     0.99    2.98
 -83762.892    19.707     3.09    3.60
 -83473.162    21.073     4.71    4.80
 -83183.424    22.830     6.06    5.64
 -82893.677    25.040     7.63    6.15
 -82603.921    27.278     7.72    6.04
 -82314.156    28.876     5.52    5.32
 -82024.382    30.607     5.97    4.20
 -81734.599    30.581    -0.09    4.03
 -81444.807    31.056     1.64    4.64
 -81155.006    30.217    -2.89    4.68
 -80865.196    30.087    -0.45    4.85
 -80575.377    29.265    -2.83    4.99
 -80285.549    28.532    -2.53    4.65
 -79995.712    27.712    -2.83    4.41
 -79705.866    27.927     0.74    4.24
 -79416.012    28.211     0.98    4.59
 -79126.148    29.151     3.24    4.73
 -78836.275    30.475     4.57    5.79
 -78546.393    32.958     8.56    5.97
 -78257.212    34.824     6.45    6.13
 -77969.247    36.794     6.84    6.50
 -77681.273    37.664     3.02    6.65
 -77393.291    38.690     3.56    5.97
 -77105.299    38.991     1.05    5.08
 -76817.299    39.122     0.45    4.73
 -76529.290    38.290    -2.89    4.36
 -76241.272    37.433    -2.97    3.59
 -75953.245    36.570    -3.00    3.80
 -75665.209    35.341    -4.27    3.71
 -75377.164    33.674    -5.79    3.43
 -75089.111    32.056    -5.62    3.84
 -74801.048    30.295    -6.12    4.13
 -74512.977    29.056    -4.30    4.38
 -74224.897    27.833    -4.24    4.53
 -73936.808    26.992    -2.92    4.79
 -73648.710    25.368    -5.64    4.81
 -73360.603    24.107    -4.38    4.62
 -73072.487    22.991    -3.87    4.48
 -72784.362    22.253    -2.56    4.38
 -72496.229    21.557    -2.42    4.03
 -72208.086    20.762    -2.76    4.09
 -71919.935    20.274    -1.70    2.96
 -71631.775    20.024    -0.87    3.09
 -71343.605    19.814    -0.73    3.00
 -71055.427    19.940     0.44    3.06
 -70767.240    20.346     1.41    3.21
 -70479.044    20.865     1.80    3.11
 -70190.840    21.389     1.82    3.12
 -69902.626    22.427     3.60    3.56
 -69614.403    23.125     2.42    4.24
 -69326.172    25.040     6.64    5.63
 -69037.931    26.706     5.78    6.28
 -68749.682    29.185     8.60    5.76
 -68461.423    30.633     5.02    4.73
 -68173.156    31.515     3.06    3.76
 -67884.880    31.540     0.09    3.49
 -67596.595    31.073    -1.62    3.42
 -67308.301    30.991    -0.28    3.14
 -67019.998    31.679     2.39    3.58
 -66731.686    33.135     5.05    4.59
 -66443.365    35.368     7.75    5.27
 -66155.035    37.590     7.71    4.86
 -65866.696    38.204     2.13    4.28
 -65578.349    38.185    -0.07    4.20
 -65289.992    37.341    -2.93    4.83
 -65001.626    35.524    -6.30    6.04
 -64713.252    33.298    -7.72    5.88
 -64424.868    30.565    -9.48    5.18
 -64136.476    28.549    -6.99    4.41
 -63848.075    26.540    -6.97    4.28
 -63559.664    24.849    -5.86    4.20
 -63271.245    23.814    -3.59    3.99
 -62982.817    23.500    -1.09    4.28
 -62694.380    22.674    -2.86    5.18
 -62405.933    22.157    -1.79    5.66
 -62117.478    21.640    -1.79    6.07
 -61829.014    21.777     0.48    6.39
 -61540.541    21.378    -1.38    6.66
 -61252.059    19.716    -5.76    6.58
 -60963.568    18.590    -3.90    6.33
 -60675.068    17.774    -2.83    6.67
 -60386.559    17.357    -1.44    6.47
 -60098.041    15.897    -5.06    6.02
 -59809.514    14.230    -5.78    5.77
 -59520.978    12.563    -5.78    6.09
 -59232.433    11.056    -5.22    5.97
 -58943.879     9.024    -7.04    5.32
 -58655.317     7.712    -4.54    4.94
 -58366.745     5.975    -6.02    3.89
 -58078.164     4.881    -3.79    2.82
 -57789.574     4.007    -3.03    2.39
 -57500.975     3.524    -1.68    2.25
 -57212.367     2.991    -1.84    2.50
 -56923.751     2.940    -0.18    2.56
 -56635.125     3.089     0.52    2.74
 -56346.490     3.649     1.94    3.20
 -56057.846     4.090     1.53    3.24
 -55769.193     4.106     0.05    3.73
 -55480.531     4.540     1.50    3.96
 -55191.861     5.124     2.02    4.55
 -54903.181     5.384     0.90    5.30
 -54614.492     6.617     4.27    6.57
 -54325.794     7.309     2.40    7.27
 -54037.087     8.362     3.65    7.69
 -53748.371     8.351    -0.04    8.00
 -53459.646     8.417     0.23    7.98
 -53170.912     7.833    -2.02    7.57
 -52882.169     7.293    -1.87    7.14
 -52593.417     6.570    -2.50    6.13
 -52304.656     7.136     1.96    6.30
 -52015.886     8.407     4.40    6.50
 -51727.107     9.974     5.43    6.57
 -51438.319    10.588     2.13    6.44
 -51149.522    11.574     3.41    5.90
 -50860.716    12.195     2.15    5.86
 -50571.900    12.174    -0.08    5.84
 -50283.076     9.790    -8.25    5.47
 -49994.243     8.298    -5.17    5.02
 -49705.401     7.685    -2.12    5.01
 -49416.549     7.335    -1.21    4.86
 -49127.689     7.341     0.02    5.30
 -48838.819     7.120    -0.76    4.83
 -48549.941     7.892     2.67    4.68
 -48261.053     8.857     3.34    4.81
 -47972.156     9.040     0.63    4.78
 -47683.251     9.595     1.92    4.63
 -47394.336     9.944     1.21    4.16
 -47105.412     9.897    -0.16    3.89
 -46816.479    10.340     1.54    3.43
 -46527.537    10.157    -0.63    3.89
 -46238.586    11.674     5.25    4.06
 -45949.626    12.070     1.37    4.60
 -45660.657    11.942    -0.44    4.86
 -45371.679    11.931    -0.04    4.96
 -45082.691    12.302     1.28    4.81
 -44793.695    13.107     2.78    4.01
 -44504.690    14.090     3.40    4.26
 -44215.675    14.654     1.95    4.16
 -43926.651    15.182     1.83    4.31
 -43637.619    17.102     6.64    4.42
 -43348.577    18.240     3.94    4.43
 -43059.526    20.124     6.52    4.99
 -42770.466    21.201     3.73    4.55
 -42481.397    23.087     6.52    5.24
 -42192.319    24.867     6.16    5.49
 -41903.232    26.701     6.34    5.80
 -41614.135    29.040     8.09    5.82
 -41325.030    31.269     7.71    6.49
 -41035.915    33.088     6.29    6.71
 -40746.792    35.040     6.75    6.30
 -40457.659    34.182    -2.97    7.11
 -40168.517    32.761    -4.91    8.03
 -39879.366    29.974    -9.64    8.65
 -39590.206    26.959   -10.42    8.81
 -39301.037    23.515   -11.91    6.92
 -39011.859    19.190   -14.96    5.63
 -38722.671    17.008    -7.55    5.35
 -38433.475    14.679    -8.05    4.74
 -38144.269    12.840    -6.36    4.43
 -37855.054    11.669    -4.05    3.85
 -37565.830    10.106    -5.40    3.17
 -37276.597     9.362    -2.57    2.54
 -36987.355     8.992    -1.28    2.37
 -36698.104     8.959    -0.11    2.42
 -36408.844     8.761    -0.68    2.30
 -36119.574     9.307     1.89    2.64
 -35830.295     9.302    -0.02    2.33
 -35541.008     9.071    -0.80    2.49
 -35251.711     8.674    -1.37    2.25
 -34962.405     8.685     0.04    2.44
 -34673.090     9.290     2.09    3.34
 -34383.765    10.007     2.48    4.44
 -34094.432    11.857     6.39    5.58
 -33805.089    13.639     6.16    6.35
 -33515.737    15.895     7.80    6.09
 -33226.376    17.793     6.56    5.34
 -32937.006    18.990     4.14    4.77
 -32647.627    19.474     1.67    4.57
 -32358.239    19.457    -0.06    4.48
 -32068.841    18.738    -2.48    4.99
 -31779.434    17.230    -5.21    5.36
 -31490.019    15.717    -5.23    5.45
 -31200.594    14.089    -5.62    4.85
 -30911.159    12.840    -4.31    4.17
 -30621.716    12.761    -0.27    3.96
 -30332.263    13.314     1.91    4.36
 -30042.802    13.722     1.41    4.29
 -29753.331    14.588     2.99    4.76
 -29463.851    14.974     1.33    4.26
 -29174.362    15.620     2.23    3.96
 -28884.863    16.685     3.68    3.95
 -28595.356    17.490     2.78    4.56
 -28305.839    18.289     2.76    4.86
 -28016.313    19.640     4.67    5.10
 -27726.778    21.124     5.12    4.93
 -27437.233    22.846     5.95    5.17
 -27147.680    24.220     4.75    4.67
 -26858.117    25.106     3.06    4.17
 -26568.545    25.801     2.40    3.92
 -26278.964    26.378     1.99    3.73
 -25989.374    27.155     2.68    3.72
 -25699.774    27.089    -0.23    3.89
 -25410.166    26.298    -2.73    4.41
 -25120.548    25.833    -1.60    4.26
 -24830.921    25.897     0.22    4.48
 -24541.285    25.572    -1.12    5.25
 -24251.639    25.155    -1.44    5.80
 -23961.984    24.957    -0.68    6.05
 -23672.320    25.890     3.22    6.03
 -23382.647    27.211     4.56    6.21
 -23092.965    27.436     0.78    5.86
 -22803.273    27.817     1.32    5.59
 -22513.572    29.860     7.05    5.55
 -22223.862    31.924     7.12    5.75
 -21934.143    35.104    10.98    7.27
 -21644.415    41.992    23.77   17.27
 -21354.677    46.712    16.29   21.99
 -21064.930    47.452     2.55   22.78
 -20775.174    49.040     5.48   25.49
 -20485.409    45.924   -10.75   26.46
 -20195.634    43.089    -9.78   28.03
 -19905.850    37.817   -18.19   28.50
 -19616.057    29.420   -28.97   23.05
 -19326.255    21.911   -25.91    6.97
 -19036.443    20.581    -4.59    6.05
 -18746.622    19.663    -3.17    6.52
 -18456.792    20.169     1.75    7.39
 -18166.953    20.992     2.84    8.20
 -17877.104    21.727     2.54    8.76
 -17587.247    20.597    -3.90    9.19
 -17297.379    19.490    -3.82    9.41
 -17007.503    17.138    -8.11    8.98
 -16717.618    15.878    -4.35    8.68
 -16427.723    13.974    -6.57    7.34
 -16137.847    13.246    -2.51    6.61
 -15849.923    11.810    -4.99    5.13
 -15561.990    11.407    -1.40    4.61
 -15274.048    12.346     3.26    6.19
 -14986.097    14.362     7.00    7.74
 -14698.136    16.849     8.64    8.76
 -14410.167    20.706    13.39   10.59
 -14122.188    25.040    15.05   11.99
 -13834.200    31.696    23.11   13.83
 -13546.203    34.424     9.47   12.92
 -13258.197    38.636    14.63   17.06
 -12970.182    41.738    10.77   20.14
 -12682.158    46.722    17.30   23.81
 -12394.124    52.214    19.07   27.21
 -12106.082    61.040    30.64   28.23
 -11818.030    65.074    14.00   29.71
 -11529.969    72.540    25.92   27.41
 -11241.899    76.531    13.85   25.62
 -10953.820    83.782    25.17   23.05
 -10665.731    86.439     9.22   25.25
 -10377.634    89.674    11.23   23.76
 -10089.527    91.407     6.01   22.87
  -9801.411    90.088    -4.58   24.04
  -9513.286    85.452   -16.09   29.29
  -9225.152    77.368   -28.06   35.37
  -8937.009    70.680   -23.21   36.27
  -8648.856    61.925   -30.38   35.42
  -8360.694    55.157   -23.49   34.26
  -8072.524    48.357   -23.60   30.59
  -7784.344    47.427    -3.23   30.98
  -7496.154    44.690    -9.50   28.53
  -7207.956    42.770    -6.66   22.29
  -6919.749    40.814    -6.79   17.45
  -6631.532    38.024    -9.68    8.14
  -6343.306    37.940    -0.29    5.56
  -6055.071    37.007    -3.24    6.73
  -5766.827    34.278    -9.47    9.67
  -5478.573    31.404    -9.97   11.84
  -5190.311    27.270   -14.34   13.10
  -4902.039    23.565   -12.85   11.91
  -4613.758    19.540   -13.96    8.71
  -4325.467    17.220    -8.05    6.14
  -4037.168    16.208    -3.51    5.56
  -3748.859    15.169    -3.61    4.95
  -3460.542    14.516    -2.26    4.49
  -3172.215    13.607    -3.15    4.09
  -2883.878    12.474    -3.93    3.25
  -2595.533    11.540    -3.24    2.65
  -2307.178    10.320    -4.23    4.35
  -2018.815     9.169    -3.99    5.42
  -1730.441     7.944    -4.25    6.21
  -1442.059     5.975    -6.83    6.74
  -1153.668     4.390    -5.50    6.74
   -865.267     2.810    -5.48    6.72
   -576.857     2.540    -0.94    6.62
   -288.438     2.461    -0.27    6.58
     -0.010     2.801     1.18    6.70
    288.428     3.579     2.70    6.59
    576.875     4.597     3.53    6.57
    865.331     6.807     7.66    6.47
   1153.796     8.122     4.56    5.52
   1442.270     8.393     0.94    4.47
   1730.754     8.597     0.71    2.79
   2019.247     8.865     0.93    3.42
   2307.749     9.461     2.07    4.07
   2596.261    10.107     2.24    4.35
   2884.781    11.597     5.17    4.94
   3173.311    14.270     9.26    5.96
   3461.851    16.040     6.13    6.28
   3750.399    18.320     7.90    6.52
   4038.957    20.957     9.14    9.11
   4327.524    35.124    49.09   33.26
   4616.100    56.701    74.77   60.06
   4904.685    86.230   102.32   77.85
   5193.280   101.627    53.35   78.66
   5481.884   108.782    24.79   77.47
   5770.497   112.007    11.18   78.72
   6059.119   101.466   -36.52   80.51
   6347.751    85.943   -53.78   81.43
   6636.392    56.104  -103.38   66.78
   6925.042    34.770   -73.91   34.48
   7213.702    25.548   -31.95   15.80
   7502.371    27.457     6.61   19.46
   7791.049    36.201    30.29   32.31
   8079.736    46.674    36.28   43.79
   8368.433    67.007    70.43   56.08
   8657.138    93.024    90.12   64.94
   8945.854   122.433   101.87   75.42
   9234.578   163.614   142.63   90.59
   9523.312   187.604    83.09   87.84
   9812.055   206.424    65.18   79.60
  10100.807   198.459   -27.58   87.76
  10389.569   174.976   -81.32  101.49
  10678.340   143.579  -108.73  102.22
  10967.120   101.701  -145.02   82.59
  11255.909    67.942  -116.90   40.33
  11544.708    58.286   -33.43   21.78
  11833.516    61.588    11.43   26.51
  12122.333    69.643    27.89   30.45
  12411.160    77.071    25.72   30.23
  12699.996    82.249    17.93   30.74
  12988.841    90.390    28.18   32.11
  13277.696    97.253    23.76   36.90
  13566.560   102.830    19.31   42.56
  13855.433   118.220    53.28   52.99
  14144.316   134.102    54.98   66.50
  14433.207   152.265    62.87   73.55
  14722.109   174.324    76.35   75.13
  15011.019   193.633    66.84   75.36
  15299.939   204.588    37.92   70.70
  15588.868   199.220   -18.58   69.59
  15877.807   183.738   -53.58   76.02
  16166.754   161.614   -76.57   75.51
  16455.711   127.174  -119.19   73.97
  16744.678   105.187   -76.09   62.20
  17033.654    86.897   -63.30   43.50
  17322.639    91.516    15.98   53.93
  17611.633    95.055    12.25   58.46
  17900.637    97.056     6.92   58.75
  18189.650    92.335   -16.33   55.84
  18478.673    92.590     0.88   55.66
  18767.704    75.491   -59.16   48.14
  19056.746    63.690   -40.83   43.15
  19345.796    49.620   -48.68   30.27
  19634.856    40.195   -32.61   15.37
  19923.925    37.368    -9.78    9.17
  20213.004    38.024     2.27    9.37
  20502.092    41.724    12.80   11.79
  20791.189    46.716    17.27   16.54
  21080.296    54.959    28.51   21.84
  21369.412    68.900    48.22   32.18
  21658.537    87.515    64.38   43.22
  21947.672   112.590    86.72   56.84
  22236.816   143.757   107.79   71.68
  22525.969   191.008   163.41   92.43
  22815.132   242.071   176.59  119.37
  23104.304   326.055   290.43  167.74
  23393.486   397.057   245.53  185.85
  23682.677   507.107   380.55  215.34
  23971.877   580.975   255.43  214.07
  24261.087   673.722   320.70  184.85
  24550.306   738.164   222.82  153.87
  24839.535   799.959   213.66  102.68
  25128.772   841.895   144.99   58.44
  25418.020   847.040    17.79   54.85
  25707.276   808.087  -134.67  107.74
  25996.542   751.169  -196.77  149.85
  26285.818   677.928  -253.19  187.40
  26575.103   577.138  -348.42  208.25
  26864.397   463.457  -392.97  184.02
  27153.701   372.524  -314.32  161.90
  27443.014   301.807  -244.43  132.77
  27732.336   225.007  -265.45  107.74
  28021.668   175.254  -171.96   81.62
  28311.009   141.007  -118.36   50.39
  28600.360   127.924   -45.22   38.04
  28889.720   142.233    49.45   61.79
  29179.089   171.646   101.65   92.16
  29468.468   219.620   165.78  115.90
  29757.857   258.547   134.52  103.94
  30047.254   279.765    73.32   83.68
  30336.661   291.927    42.02   72.75
  30626.078   299.624    26.59   77.10
  30915.504   290.286   -32.26   77.92
  31204.939   260.282  -103.67   71.95
  31494.384   247.711   -43.43   75.53
  31783.839   240.785   -23.93   79.56
  32073.302   245.876    17.59   83.14
  32362.775   238.590   -25.17   84.85
  32652.258   242.824    14.62   80.24
  32941.750   230.992   -40.87   80.21
  33231.252   224.420   -22.70   76.01
  33520.762   214.554   -34.08   72.31
  33810.283   194.874   -67.98   65.60
  34099.813   177.940   -58.49   49.63
  34389.352   174.401   -12.23   42.11
  34678.901   190.024    53.96   55.84
  34968.459   209.395    66.90   59.80
  35258.026   234.977    88.35   61.30
  35547.603   260.990    89.83   76.88
  35837.190   303.074   145.33  103.49
  36126.786   341.424   132.43  111.16
  36416.391   386.897   157.02  100.66
  36706.006   408.198    73.55   83.77
  36995.631   422.468    49.27   69.04
  37285.264   415.794   -23.04   70.90
  37574.908   388.257   -95.07   71.11
  37864.560   363.417   -85.76   63.38
  38154.223   339.701   -81.88   56.06
  38443.894   325.674   -48.42   51.05
  38733.576   312.233   -46.40   51.15
  39023.266   300.975   -38.86   53.15
  39312.966   299.911    -3.67   53.92
  39602.676   289.712   -35.20   52.13
  39892.395   265.169   -84.72   47.53
  40182.124   247.960   -59.40   37.31
  40471.862   236.794   -38.54   35.21
  40761.609   230.974   -20.09   36.85
  41051.366   233.727     9.50   44.17
  41341.133   238.663    17.04   49.20
  41630.909   246.257    26.21   54.62
  41920.695   245.424    -2.88   56.82
  42210.490   238.411   -24.20   62.99
  42500.294   225.090   -45.96   61.21
  42790.108   213.378   -40.41   52.21
  43079.932   203.088   -35.51   37.84
  43369.765   214.298    38.68   57.76
  43659.608   243.944   102.29   78.71
  43949.460   274.088   104.00   86.40
  44239.321   299.136    86.42   85.09
  44529.192   319.707    70.97   83.46
  44819.073   333.169    46.44   85.73
  45108.963   335.436     7.82   85.38
  45398.863   331.166   -14.73   91.31
  45688.772   323.443   -26.64   89.86
  45978.691   324.565     3.87   82.08
  46267.280   351.507    93.36   96.79
  46555.177   392.924   143.86  123.22
  46843.084   452.608   207.31  135.45
  47130.999   490.563   131.83  129.31
  47418.924   513.796    80.69  122.22
  47706.859   525.892    42.01  123.37
  47994.803   516.140   -33.87  132.79
  48282.756   491.959   -83.98  126.42
  48570.719   471.670   -70.46  100.61
  48858.691   469.395    -7.90   88.70
  49146.672   484.639    52.94   93.95
  49434.663   512.319    96.12  109.03
  49722.663   569.574   198.81  112.80
  50010.673   621.761   181.21  111.53
  50298.692   683.195   213.31  115.82
  50586.720   735.103   180.22  107.90
  50874.758   776.492   143.70  105.17
  51162.806   812.475   124.92  103.70
  51450.862   857.427   156.06   91.36
  51738.928   878.794    74.18   81.86
  52027.004   893.024    49.40   84.59
  52315.089   909.563    57.41   84.90
  52603.183   936.516    93.56  100.15
  52891.287   959.733    80.59  113.15
  53179.400   996.590   127.93  124.48
  53467.522  1035.190   133.98  133.41
  53755.654  1106.274   246.71  128.68
  54043.796  1161.433   191.44  139.25
  54331.947  1233.611   250.50  144.40
  54620.107  1274.024   140.25  140.30
  54908.277  1311.024   128.40  131.44
  55196.456  1325.840    51.42  140.11
  55484.645  1317.491   -28.97  162.48
  55772.843  1304.900   -43.69  183.91
  56061.050  1273.975  -107.31  209.77
  56349.267  1243.685  -105.10  224.31
  56637.493  1212.942  -106.67  217.34
  56925.729  1149.740  -219.28  208.36
  57213.974  1109.466  -139.73  192.46
  57502.229  1038.758  -245.31  185.63
  57790.493   995.897  -148.69  179.01
  58078.767   925.352  -244.72  169.76
  58367.050   864.314  -211.74  156.38
  58655.342   791.959  -250.99  147.31
  58943.644   749.459  -147.42  144.50
  59231.956   691.911  -199.61  123.46
  59520.277   653.436  -133.45  117.85
  59808.607   622.071  -108.79   96.27
  60096.947   605.024   -59.13   85.50
  60385.296   590.707   -49.65   80.10
  60673.655   565.324   -88.03   84.83
  60962.023   546.240   -66.18   95.81
  61250.401   508.516  -130.82  115.89
  61538.788   482.230   -91.15  122.17
  61827.185   448.236  -117.88  117.99
  62115.591   397.302  -176.61   97.27
  62404.006   364.990  -112.04   86.07
  62692.431   337.878   -94.00   75.95
  62980.866   322.024   -54.97   67.23
  63269.310   312.153   -34.22   65.48
  63557.764   301.285   -37.68   51.18
  63846.227   300.457    -2.87   51.14
  64134.699   314.074    47.20   67.30
  64423.181   324.892    37.50   84.46
  64711.673   344.039    66.37   98.59
  65000.174   360.468    56.95  110.03
  65288.684   377.961    60.63  114.60
  65577.204   382.484    15.68  114.08
  65865.734   381.630    -2.96  111.22
  66154.273   373.663   -27.61   98.48
  66442.822   357.055   -57.56   88.87
  66731.380   340.039   -58.97   72.18
  67019.947   336.833   -11.11   68.02
  67308.524   353.151    56.55   80.75
  67597.111   369.024    55.00   81.85
  67885.707   396.957    96.79   82.40
  68174.313   438.663   144.51   89.22
  68462.928   475.916   129.08   91.06
  68751.553   500.404    84.85   93.52
  69040.187   530.278   103.50   97.64
  69328.831   566.088   124.07   97.73
  69617.484   603.474   129.52   94.54
  69906.147   631.249    96.23   90.33
  70194.819   643.500    42.44   81.86
  70483.501   646.846    11.59   80.14
  70772.192   641.300   -19.21   87.05
  71060.893   619.204   -76.54  101.84
  71349.604   588.490  -106.39  103.11
  71638.324   560.190   -98.02  104.79
  71927.053   508.774  -178.09   99.39
  72215.792   479.738  -100.56   95.73
  72504.541   464.420   -53.05   93.76
  72793.299   451.843   -43.56   93.53
  73082.067   433.224   -64.48   92.16
  73370.844   411.958   -73.64   93.93
  73659.631   382.088  -103.44   91.51
  73948.428   367.008   -52.22   88.52
  74237.234   356.849   -35.18   77.89
  74526.049   355.588    -4.37   69.07
  74814.874   371.138    53.84   83.19
  75103.709   400.532   101.77  104.17
  75392.553   458.330   200.11  118.02
  75681.407   491.547   115.00  102.81
  75970.270   508.912    60.12   84.85
  76259.143   511.927    10.44   87.30
  76548.026   485.007   -93.19  112.47
  76836.918   449.557  -122.72  127.10
  77125.820   395.346  -187.65  117.21
  77414.731   367.899   -95.01   93.37
  77703.652   350.524   -60.14   73.48
  77992.582   349.233    -4.47   69.49
  78281.522   358.468    31.96   70.98
  78570.472   381.824    80.83   69.10
  78859.431   414.860   114.33   65.16
  79148.400   443.777   100.08   67.64
  79437.378   465.395    74.81   79.71
  79726.366   491.524    90.42   95.61
  80015.364   529.257   130.57  105.35
  80304.371   584.457   191.01  116.64
  80593.388   646.507   214.71  136.04
  80882.414   719.420   252.28  141.84
  81171.450   784.992   226.87  133.76
  81460.496   830.136   156.19  121.96
  81749.551   857.846    95.87   99.22
  82038.616   849.368   -29.33  106.75
  82327.690   817.627  -109.81  126.47
  82616.775   762.944  -189.17  140.21
  82905.868   711.119  -179.28  136.00
  83194.972   653.540  -199.17  122.35
  83484.084   596.574  -197.05  115.85
  83773.207   543.507  -183.55  106.14
  84062.339   502.330  -142.42   89.69
  84351.481   479.171   -80.10   73.96
  84640.632   479.685     1.78   70.81
  84929.793   487.269    26.23   77.72
  85218.964   516.290   100.36   98.62
  85508.144   565.914   171.61  120.33
  85797.334   623.940   200.66  126.78
  86086.534   699.384   260.89  141.64
  86375.743   751.912   181.64  134.74
  86664.962   789.155   128.78  120.43
  86954.191   803.089    48.18  126.07
  87243.429   813.072    34.52  126.74
  87532.677   798.466   -50.50  137.37
  87821.934   779.411   -65.88  133.94
  88111.201   742.135  -128.87  133.89
  88400.478   706.959  -121.61  134.48
  88689.765   665.862  -142.07  120.20
  88979.061   646.499   -66.94  101.13
  89268.366   640.319   -21.36   92.20
  89557.682   662.104    75.30  115.17
  89847.007   698.452   125.64  146.04
  90136.342   760.881   215.78  183.99
  90425.686   860.475   344.23  226.93
  90715.040   946.657   297.86  235.36
  91004.404  1053.107   367.90  218.58
  91293.777  1146.852   323.98  238.28
  91583.160  1241.182   325.99  205.06
  91872.553  1292.900   178.72  171.03
  92161.956  1333.351   139.78  143.03
  92451.368  1338.240    16.89  143.78
  92740.790  1305.040  -114.72  173.83
  93030.221  1241.731  -218.75  212.23
  93319.662  1162.072  -275.23  217.00
  93609.113  1072.175  -310.59  231.71
  93898.574   976.395  -330.91  214.13
  94188.044   886.707  -309.85  196.11
  94477.524   813.925  -251.44  192.71
  94767.014   739.039  -258.70  185.79
  95056.513   667.579  -246.85  170.78
  95346.022   612.399  -190.61  151.28
  95635.541   563.565  -168.68  130.00
  95925.070   531.107  -112.11  113.75
  96214.608   509.302   -75.31  109.18
  96504.156   483.166   -90.27  100.40
  96793.713   461.214   -75.82   94.10
  97083.281   449.341   -41.01   87.57
  97372.858   442.233   -24.55   93.20
  97662.444   431.733   -36.26   93.82
  97952.041   444.298    43.39  117.09
  98241.647   471.459    93.79  156.35
  98531.263   505.320   116.93  182.72
  98820.889   530.785    87.93  197.85
  99110.524   585.722   189.69  223.76
  99400.169   593.040    25.27  213.91
  99689.824   617.207    83.44  214.97
  99979.489   584.187  -114.00  199.31
 100269.163   569.602   -50.36  199.15
 100558.847   537.515  -110.77  181.77
 100848.541   506.749  -106.21  154.79
 101138.244   473.102  -116.15  144.70
 101427.957   429.990  -148.82  128.53
 101717.680   374.475  -191.63  132.76
 102007.413   313.055  -212.00  136.97
 102297.156   265.794  -163.12  127.03
 102586.908   224.588  -142.22  104.02
 102876.670   191.265  -115.01   79.20
 103166.442   169.740   -74.29   66.40
 103456.223   167.798    -6.70   65.48
 103746.014   162.695   -17.61   64.16
 104035.815   158.119   -15.79   62.44
 104325.626   155.214   -10.02   62.55
 104615.447   156.669     5.02   60.15
 104905.277   152.104   -15.75   54.72
 105195.117   140.862   -38.79   52.09
 105484.967   131.836   -31.14   51.12
 105774.827   125.833   -20.71   47.46
 106064.696   120.443   -18.60   46.54
 106354.575   103.324   -59.06   43.63
 106644.464    90.335   -44.81   42.82
 106934.363    80.320   -34.55   35.55
 107224.271    74.169   -21.22   32.50
 107514.190    71.945    -7.67   31.59
 107804.118    64.357   -26.18   24.59
 108094.056    63.707    -2.24   26.20
 108383.383    60.286   -11.82   28.52
 108671.238    60.595     1.07   32.82
 108959.103    65.865    18.31   43.10
 109246.978    72.133    21.78   53.64
 109534.862    73.198     3.70   55.22
 109822.757    80.424    25.10   55.74
 110110.660    88.945    29.60   55.99
 110398.574    98.169    32.04   52.71
 110686.496   115.155    59.00   60.95
 110974.429   142.899    96.36   84.69
 111262.371   184.696   145.17  110.43
 111550.323   223.174   133.64  105.96
 111838.285   240.136    58.91   97.02
 112126.256   249.104    31.14   85.61
 112414.237   237.088   -41.73   94.49
 112702.228   221.722   -53.36  110.57
 112990.228   193.169   -99.15  120.64
 113278.238   165.024   -97.73  116.49
 113566.257   141.943   -80.14  108.43
 113854.286   128.895   -45.31  101.72
 114142.325   122.265   -23.02  103.26
 114430.374   120.897    -4.75  109.53
 114718.432   118.389    -8.71  109.03
 115006.500   129.717    39.33  115.44
 115294.577   146.357    57.77  115.51
 115582.665   149.712    11.65  116.96
 115870.761   145.817   -13.52  116.22
 116158.868   139.293   -22.65  116.05
 116446.984   126.373   -44.85  109.43
 116735.110   115.204   -38.77   96.65
 117023.246   102.724   -43.32   78.53
 117311.391   110.459    26.85   67.17
 117599.546   116.204    19.94   70.46
 117887.711   142.155    90.06   89.64
 118175.885   176.947   120.74  113.21
 118464.069   219.565   147.90  130.35
 118752.263   269.507   173.31  140.09
 119040.467   308.492   135.28  143.42
 119328.680   355.624   163.54  147.48
 119616.903   417.282   213.94  149.25
 119905.135   461.785   154.41  134.55
 120193.378   492.895   107.93  115.54
 120481.630   504.135    39.00   96.90
 120769.892   498.515   -19.50   85.55
 121058.163   475.857   -78.61   96.28
 121346.444   421.572  -188.32  127.02
 121634.735   352.899  -238.23  136.44
 121923.036   298.801  -187.66  119.11
 122211.346   252.278  -161.38  101.20
 122499.666   222.466  -103.40   73.36
 122787.996   222.314    -0.53   81.97
 123076.335   242.991    71.72   94.77
 123364.685   274.944   110.82  112.33
 123653.044   315.086   139.22  114.25
 123941.412   336.653    74.79  116.65
 124229.791   366.427   103.25  103.15
 124518.179   385.056    64.60  101.37
 124806.577   398.706    47.34   95.15
 125094.985   413.427    51.05  103.91
 125383.402   439.389    90.02  118.74
 125671.829   466.220    93.03  132.50
 125960.266   500.190   117.78  133.54
 126248.713   507.420    25.07  141.49
 126537.169   517.024    33.29  145.18
 126825.635   509.620   -25.67  141.55
 127114.111   508.408    -4.20  131.91
 127402.597   494.433   -48.45  108.52
 127691.092   504.007    33.19  101.17
 127979.597   537.633   116.56  117.76
 128268.112   574.374   127.35  133.68
 128556.637   611.007   126.98  122.85
 128845.171   635.711    85.62  102.70
 129133.716   634.039    -5.79   90.96
 129422.270   603.817  -104.75   98.88
 129710.833   569.925  -117.46   97.92
 129999.407   523.440  -161.10   78.48
 130287.990   484.153  -136.15   78.42
 130576.583   451.352  -113.67   83.43
 130865.186   424.230   -93.98   81.33
 131153.799   401.468   -78.87   77.09
 131442.422   376.958   -84.93   69.86
 131731.054   367.540   -32.63   68.27
 132019.696   370.927    11.74   74.90
 132308.348   375.452    15.68   87.81
 132597.009   389.586    48.97  101.45
 132885.681   394.927    18.50  104.57
 133174.362   406.443    39.90  111.65
 133463.053   398.024   -29.17   94.00
 133751.754   400.265     7.77   89.31
 134040.464   404.507    14.69   78.97
 134329.185   425.436    72.49   79.80
 134617.915   443.830    63.71   84.45
 134906.655   470.588    92.68   89.75
 135195.405   506.395   124.02   90.32
 135484.164   527.724    73.87   86.52
 135772.934   555.927    97.68   86.27
 136061.713   580.870    86.38   87.21
 136350.502   609.357    98.65   87.99
 136639.301   629.024    68.10   97.58
 136928.110   648.024    65.79  127.47
 137216.928   689.040   142.03  153.95
 137505.757   741.572   181.89  174.04
 137794.595   779.227   130.38  173.01
 138083.443   794.911    54.30  168.89
 138372.301   775.357   -67.70  185.16
 138661.169   737.827  -129.93  209.59
 138950.046   666.357  -247.43  212.10
 139238.933   615.572  -175.81  177.48
 139527.831   589.992   -88.55  156.69
 139816.738   592.055     7.14  155.83
 140105.655   621.881   103.24  156.57
 140394.581   662.384   140.20  140.63
 140683.518   689.765    94.77  119.16
 140972.464   674.314   -53.48  122.44
 141261.421   619.039  -191.31  153.00
 141550.387   552.524  -230.21  156.72
 141839.363   497.878  -189.12  139.25
 142128.349   447.024  -175.99  125.83
 142417.344   396.155  -176.03  125.42
 142706.350   357.754  -132.88  123.93
 142995.365   347.588   -35.18  139.98
 143284.391   350.420     9.80  148.53
 143573.426   353.846    11.85  155.58
 143862.471   335.450   -63.65  159.74
 144151.526   341.314    20.29  168.81
 144440.591   344.728    11.81  167.83
 144729.665   326.378   -63.48  172.17
 145018.750   300.331   -90.11  163.29
 145307.844   285.433   -51.54  150.93
 145596.948   242.274  -149.30  143.48
 145886.063   202.117  -138.91  138.26
 146175.187   173.207  -100.00  119.57
 146464.321   171.830    -4.76  104.07
 146753.464   190.685    65.22  109.53
 147042.618   215.572    86.08  116.04
 147331.782   242.298    92.43  111.14
 147620.955   263.991    75.03   89.47
 147910.139   275.107    38.44   67.50
 148199.332   285.088    34.52   57.86
 148488.535   300.643    53.79   82.30
 148777.748   323.230    78.11  112.02
 149066.971   378.801   192.16  143.15
 149356.204   431.368   181.76  136.58
 149645.447   485.636   187.64  110.74
 149934.700   518.588   113.93   94.41
 150223.962   556.367   130.62  103.42
 150513.235   575.643    66.64  128.67
 150802.517   590.314    50.72  161.51
 151091.810   568.040   -77.00  178.57
 151381.112   543.630   -84.38  188.21
 151670.424   513.071  -105.64  179.15
 151959.746   499.690   -46.25  165.45
 152249.078   476.977   -78.51  138.20
 152538.420   478.169     4.12  114.73
 152827.772   490.290    41.90  114.88
 153117.134   534.007   151.09  129.31
 153406.506   589.516   191.84  160.55
 153695.888   679.040   309.39  194.67
 153985.279   768.070   307.67  210.08
 154274.681   858.459   312.36  214.78
 154564.093   966.390   372.97  210.51
 154853.514  1044.852   271.12  214.10
 155142.946  1142.072   335.93  209.88
 155432.387  1252.712   382.29  225.55
 155721.838  1361.670   376.46  246.07
 156011.300  1474.930   391.32  242.96
 156300.771  1576.840   352.09  205.35
 156590.252  1642.399   226.49  162.26
 156879.743  1693.169   175.39  116.52
 157169.244  1714.024    72.04   77.05
 157458.755  1694.805   -66.39  100.48
 157748.276  1653.330  -143.27  127.09
 158037.807  1571.607  -282.29  145.89
 158327.348  1498.411  -252.83  149.78
 158616.899  1413.547  -293.11  137.95
 158906.460  1341.706  -248.13  135.89
 159196.031  1273.305  -236.24  137.17
 159485.612  1210.846  -215.71  133.45
 159775.203  1152.233  -202.42  137.13
 160064.804  1094.653  -198.85  145.61
 160354.415  1051.040  -150.61  135.25
 160644.035  1013.595  -129.30  123.67
 160933.666   994.258   -66.77  123.68
 161223.307   981.572   -43.80  127.30
 161512.958   957.712   -82.38  133.55
 161802.618   965.540    27.03  143.17
 162092.289   948.249   -59.70  141.07
 162381.970   948.595     1.19  128.38
 162671.661   925.246   -80.61  118.81
 162961.361   890.352  -120.46  103.05
 163251.072   871.540   -64.94  101.94
 163540.793   840.040  -108.74  101.82
 163830.524   810.190  -103.04  100.67
 164120.264   795.624   -50.28   98.69
 164410.015   789.930   -19.65  104.41
 164699.776   791.766     6.34  113.77
 164989.547   808.362    57.28  129.04
 165279.327   847.757   135.96  137.79
 165569.118   891.395   150.60  125.91
 165858.919   902.870    39.60  102.34
 166148.730   897.249   -19.40   94.17
 166438.551   884.439   -44.21   95.73
 166728.382   866.120   -63.21  105.38
 167018.223   832.007  -117.71  113.10
 167308.074   786.220  -157.98  115.02
 167597.935   740.342  -158.29  122.09
 167887.806   704.883  -122.34  116.23
 168177.687   672.508  -111.69  100.41
 168467.578   644.991   -94.93   71.26
 168757.479   635.557   -32.55   67.38
 169047.390   653.614    62.29   81.87
 169337.311   681.789    97.19  100.52
 169627.243   719.770   131.01   99.63
 169917.184   760.330   139.91   85.83
 170207.135   783.007    78.22   67.59
 170497.097   777.840   -17.82   71.89
 170785.066   753.466   -84.65   90.22
 171072.889   715.217  -132.91  103.21
 171360.722   672.945  -146.88  114.43
 171648.565   632.166  -141.69   99.98
 171936.418   599.830  -112.35   72.58
 172224.281   582.104   -61.58   63.34
 172512.153   585.911    13.22   69.40
 172800.036   610.072    83.94   88.25
 173087.928   643.008   114.42   92.89
 173375.831   676.785   117.34   91.87
 173663.743   706.102   101.83   93.83
 173951.665   728.974    79.45   74.47
 174239.597   746.090    59.45   62.75
 174527.539   746.824     2.55   52.94
 174815.491   748.208     4.81   52.07
 175103.453   741.195   -24.36   52.58
 175391.425   735.008   -21.49   50.44
 175679.406   728.459   -22.74   51.40
 175967.398   726.124    -8.11   47.49
 176255.399   727.024     3.13   45.81
 176543.411   718.993   -27.89   48.89
 176831.432   713.217   -20.06   56.45
 177119.463   699.902   -46.23   67.46
 177407.504   689.336   -36.69   76.31
 177695.556   668.924   -70.87   78.75
 177983.617   643.627   -87.83   73.47
 178271.688   625.330   -63.52   70.54
 178559.769   608.658   -57.88   75.74
 178847.859   584.485   -83.92   82.79
 179135.960   563.040   -74.45   86.43
 179424.071   528.774  -118.95   79.52
 179712.192   521.630   -24.80   70.77
 180000.322   524.754    10.84   69.32
 180288.463   537.943    45.78   74.15
 180576.614   555.246    60.05   85.69
 180864.774   587.588   112.25   92.88
 181152.944   620.669   114.81   90.01
 181441.125   659.325   134.15   80.58
 181729.315   681.749    77.82   68.39
 182017.516   704.249    78.08   58.55
 182305.726   711.945    26.71   55.05
 182593.946   715.738    13.16   53.71
 182882.176   706.362   -32.53   65.71
 183170.417   698.106   -28.65   70.78
 183458.667   670.909   -94.36   85.12
 183746.927   640.611  -105.12  103.21
 184035.197   594.865  -158.71  114.43
 184323.477   563.758  -107.92  108.13
 184611.767   538.975   -85.97   89.72
 184900.067   531.724   -25.16   78.48
 185188.377   536.187    15.48   89.88
 185476.697   559.531    80.97  110.75
 185765.027   595.039   123.16  122.64
 186053.367   630.357   122.50  127.79
 186341.717   670.627   139.67  118.20
 186630.077   699.657   100.69  105.88
 186918.447   719.461    68.68   93.01
 187206.827   733.374    48.25   78.16
 187495.217   741.007    26.47   69.80
 187783.617   739.716    -4.48   74.61
 188072.027   727.565   -42.14   79.50
 188360.447   714.319   -45.93   87.89
 188648.877   696.399   -62.14   91.33
 188937.317   679.140   -59.84   83.29
 189225.767   674.572   -15.84   73.62
 189514.227   665.593   -31.13   67.70
 189802.697   669.475    13.46   69.10
 190091.177   685.056    54.02   87.17
 190379.667   715.620   105.96  103.94
 190668.167   731.340    54.49  103.31
 190956.677   750.588    66.72   93.37
 191245.197   742.270   -28.83   82.65
 191533.728   738.452   -13.23   81.46
 191822.268   711.055   -94.96   95.45
 192110.818   673.765  -129.25   99.14
 192399.378   618.707  -190.83   96.57
 192687.949   569.104  -171.91  100.86
 192976.529   520.627  -168.01   97.79
 193265.119   483.214  -129.66   86.87
 193553.720   459.249   -83.05   71.12
 193842.330   442.401   -58.39   59.07
 194130.951   443.106     2.44   65.76
 194419.581   456.942    47.94   80.57
 194708.222   467.588    36.89   88.67
 194996.872   476.278    30.11   90.68
 195285.533   473.459    -9.77   90.73
 195574.204   468.531   -17.07   93.18
 195862.884   432.507  -124.80   97.73
 196151.575   407.507   -86.61   91.36
 196440.276   385.814   -75.15   89.89
 196728.987   376.680   -31.64   85.46
 197017.708   358.071   -64.46   79.72
 197306.439   340.658   -60.32   83.42
 197595.181   323.646   -58.93   74.47
 197883.932   317.951   -19.73   74.53
 198172.693   293.784   -83.70   62.09
 198461.464   277.866   -55.13   49.79
