#    0.386  -0.046   0.665 ;Mean Elev.(m), Avg Gradient(m/km), RMS Gradient(m/km) - SRTM1     
#    8.269   0.078   1.056 ;Mean Elev.(m), Avg Gradient(m/km), RMS Gradient(m/km) - ASTER GDEM
#    0.598  -0.049   0.723 ;Mean Elev.(m), Avg Gradient(m/km), RMS Gradient(m/km) - GMTED2010 
   1 106.167414  10.189630     2.156     2.226 14 54664.49900213 36.532
   2 106.164598  10.193438     2.278     2.374 12 54674.41464551 35.789
   3 106.162885  10.196699   -22.245   -21.788 12 54684.33028792 15.959
   4 106.167411  10.189215     2.236     2.203 15 54694.24593187 38.241
   5 106.170909  10.188204    -8.093    -8.120 12 54704.16157204 24.482
   6 106.169057  10.189208     2.864     2.779 13 54714.07722256 37.242
   7 106.164501  10.193472     2.359     2.300 13 54723.99287207 37.200
   8 106.155665  10.205638     2.382     2.402 13 54733.90851715 34.154
   9 106.151887  10.207110     2.349     2.301 13 54743.82416329 38.502
  10 106.150972  10.207433     2.354     2.307 13 54753.73980937 41.919
  11 106.151813  10.208036     2.309     2.297 13 54763.65545482 37.309
  12 106.153752  10.206737     2.660     2.594 13 54773.57109814 37.251
  13 106.154944  10.206070     2.861     2.881 13 54783.48673866 34.673
  14 106.156122  10.205977     2.370     2.360 12 54793.40237717 33.589
  15 106.160015  10.201625     2.376     2.421 13 54803.31801616 35.910
  16 106.167487  10.189218     2.387     2.472 14 54813.23365701 36.791
  17 106.168022  10.189058     2.230     2.383 14 54823.14930114 36.924
  18 106.161219  10.199460     2.656     2.646 13 54833.06493923 36.074
  19 106.155135  10.206473     2.641     2.650 13 54842.98058784 34.719
  20 106.152118  10.207234     2.068     2.080 13 54852.89623667 40.666
  21 106.150526  10.207746     2.168     2.173 13 54862.81188515 38.789
  22 106.149944  10.208130     2.165     2.171 12 54872.72753343 39.480
  23 106.150358  10.208200     2.394     2.374 13 54882.64317970 37.722
  24 106.150889  10.207773     2.623     2.571 12 54892.55882270 36.930
  25 106.150234  10.207790     2.660     2.688 13 54902.47446282 39.232
  26 106.149603  10.208158     2.334     2.303 13 54912.39010168 38.981
  27 106.150331  10.207705     2.191     2.207 12 54922.30574010 34.205
  28 106.152959  10.207755     1.985     2.014 13 54932.22137802 34.733
  29 106.159159  10.202304     1.997     1.956 13 54942.13701574 32.507
  30 106.167898  10.189424     2.230     2.221 14 54952.05265337 36.381
  31 106.167227  10.189880     2.529     2.486 14 54961.96829579 36.254
  32 106.160811  10.200175     2.043     2.014 13 54971.88394175 35.292
  33 106.158950  10.202539     1.511     1.769 13 54981.79958833 35.972
  34 106.159089  10.202485     0.595     1.074 13 54991.71523512 32.704
  35 106.158175  10.203512     2.053     2.076 12 55001.63088098 32.614
  36 106.156283  10.205816     1.999     1.986 12 55011.54652471 33.023
  37 106.155489  10.206179     2.393     2.405 13 55021.46216755 33.553
  38 106.155279  10.206651     2.125     2.163 13 55031.37780964 32.832
  39 106.156791  10.204991     2.165     2.176 13 55041.29345183 32.383
  40 106.162501  10.197218     2.107     2.103 13 55051.20909437 32.426
  41 106.168454  10.188105     2.337     2.337 14 55061.12473508 36.612
  42 106.167596  10.188866     2.538     2.562 14 55071.04037719 36.493
  43 106.158401  10.203454     2.644     2.655 13 55080.95602249 33.759
  44 106.153740  10.206965     2.873     2.872 14 55090.87166849 38.029
  45 106.151580  10.208212     2.385     2.395 13 55100.78731417 39.265
  46 106.152103  10.207302     2.275     2.261 13 55110.70295996 38.166
  47 106.153797  10.206739     1.735     1.577 13 55120.61860391 40.183
  48 106.155269  10.205843     2.056     1.998 13 55130.53424522 34.822
  49 106.155280  10.205807     3.137     3.170 13 55140.44988440 34.907
  50 106.155607  10.205443     2.844     2.865 13 55150.36552309 33.693
  51 106.158558  10.203138     2.127     2.149 13 55160.28116268 33.404
  52 106.166616  10.190015     2.281     2.426 14 55170.19680468 37.188
  53 106.170484  10.187229     2.122     2.230 13 55180.11244293 37.283
  54 106.166975  10.189860     2.153     2.156 14 55190.02809012 36.170
  55 106.156605  10.205801     3.063     3.069 12 55199.94373679 33.803
  56 106.153303  10.206976     2.753     2.756 13 55209.85938611 38.217
  57 106.153051  10.206221     2.077     2.034 13 55219.77503541 37.165
  58 106.152140  10.208371     2.158     2.037 13 55229.69068296 37.082
  59 106.152880  10.206706     2.089     2.071 13 55239.60632821 37.472
  60 106.152144  10.206483     2.581     2.593 13 55249.52196941 38.708
  61 106.150089  10.208388     2.403     2.416 13 55259.43760795 37.383
  62 106.150337  10.207996     2.400     2.344 13 55269.35324666 38.237
  63 106.152820  10.206162     2.268     2.235 13 55279.26888591 38.714
  64 106.156410  10.205558     2.191     2.173 13 55289.18452381 32.159
  65 106.166012  10.190817     2.100     2.170 14 55299.10016273 36.191
  66 106.164273  10.193986     1.980     1.890 13 55309.01580628 35.324
  67 106.157801  10.203991     2.073     2.103 13 55318.93144985 34.208
  68 106.154963  10.205989     2.415     2.396 13 55328.84709401 36.084
  69 106.154444  10.207349     1.790     1.795 13 55338.76273778 36.307
  70 106.156776  10.205475     2.036     2.038 12 55348.67838199 31.272
  71 106.159767  10.201540     1.553     1.641 12 55358.59402478 38.335
  72 106.160274  10.200479     2.216     2.283 13 55368.50966466 32.646
  73 106.160074  10.201090     2.341     2.274 13 55378.42530280 35.215
  74 106.163258  10.195634     2.544     2.543 11 55388.34094196 36.761
  75 106.168558  10.188932     2.366     2.357 13 55398.25658081 36.068
  76 106.170355  10.188089     2.217     2.225 13 55408.17222609 35.712
  77 106.167564  10.189396     2.230     2.273 15 55418.08787667 36.291
  78 106.159278  10.202076     2.368     2.354 13 55428.00352101 34.675
  79 106.154390  10.206526     2.374     2.380 13 55437.91916441 37.097
  80 106.152658  10.207271     2.744     2.796 13 55447.83480726 38.614
  81 106.153387  10.207112     2.433     2.467 13 55457.75045003 39.086
  82 106.155700  10.206213     2.453     2.418 13 55467.66609232 34.083
  83 106.160361  10.200694     2.458     2.372 13 55477.58173249 35.729
  84 106.166309  10.190524     2.249     2.204 14 55487.49737067 36.980
  85 106.167832  10.189949     2.294     2.205 14 55497.41300450 37.857
  86 106.168595  10.188710     2.750     2.752 14 55507.32864207 36.978
  87 106.163924  10.194685     2.477     2.460 12 55517.24429124 37.256
  88 106.162046  10.198080     2.530     2.521 13 55527.15994038 35.591
  89 106.159870  10.201934     2.570     2.600 13 55537.07558743 33.639
  90 106.157286  10.204800     2.251     2.260 12 55546.99123238 33.229
  91 106.154405  10.206872     2.373     2.358 14 55556.90687546 34.647
  92 106.153889  10.206139     2.754     2.735 13 55566.82251822 38.307
  93 106.155532  10.206043     2.610     2.599 13 55576.73816016 35.106
  94 106.159423  10.202277     2.641     2.638 13 55586.65380103 39.500
  95 106.166425  10.190538     2.666     2.715 14 55596.56944062 36.878
  96 106.168456  10.188839     2.552     2.541 14 55606.48507477 36.127
  97 106.169899  10.188239     2.200     2.174 13 55616.40070688 35.628
  98 106.168664  10.189115     2.143     2.256 13 55626.31634964 35.495
  99 106.165246  10.192503     2.277     2.253 14 55636.23200102 36.719
 100 106.162158  10.198020     2.629     2.550 12 55646.14764998 35.076
 101 106.159936  10.201157     2.383     2.322 13 55656.06329670 32.845
 102 106.157940  10.204003     2.145     2.132 12 55665.97893893 33.861
 103 106.157005  10.204753     1.922     1.859 13 55675.89457842 32.599
 104 106.158166  10.203529     1.670     1.655 12 55685.81021642 39.202
 105 106.164395  10.193586     2.213     2.098 13 55695.72585532 36.504
 106 106.170663  10.187846     2.079     2.089 12 55705.64149201 39.586
 107 106.170095  10.187911     2.298     2.438 13 55715.55713998 39.216
 108 106.166707  10.189874     2.327     2.426 14 55725.47278768 36.545
 109 106.159513  10.202243     2.180     2.182 13 55735.38843127 32.412
 110 106.156700  10.205751     2.316     2.306 12 55745.30407598 33.561
 111 106.156685  10.205772     2.459     2.436 13 55755.21972013 33.800
 112 106.159998  10.201221     2.515     2.504 12 55765.13536319 34.270
 113 106.164088  10.194338     2.700     2.529 12 55775.05100397 38.154
 114 106.165933  10.191275     2.589     2.510 14 55784.96664056 39.525
 115 106.168002  10.189304     2.165     2.129 14 55794.88227449 39.018
 116 106.169960  10.187707     2.141     1.994 13 55804.79791284 44.416
 117 106.168974  10.188257     2.143     2.221 14 55814.71356154 29.077
 118 106.168955  10.188543     2.369     2.368 14 55824.62920800 37.165
 119 106.169543  10.187800     2.951     2.850 13 55834.54485013 39.021
 120 106.169425  10.188995     2.764     2.703 13 55844.46048816 39.315
 121 106.170780  10.188256     2.420     2.450 12 55854.37612409 37.470
 122 106.172200  10.186177     2.497     2.570 12 55864.29176338 41.123
 123 106.168127  10.188385     2.338     2.309 14 55874.20741645 35.938
 124 106.166940  10.189686     2.566     2.499 14 55884.12306465 37.681
 125 106.167482  10.189394     3.034     3.012 14 55894.03870718 37.303
 126 106.169727  10.188283     2.589     2.593 13 55903.95434452 40.316
 127 106.170028  10.188439     2.519     2.486 13 55913.86998371 38.297
 128 106.162396  10.197323     2.336     2.167 13 55923.78563524 41.710
 129 106.157982  10.203719     2.581     2.583 13 55933.70128432 37.585
 130 106.156739  10.205600     2.855     2.834 13 55943.61693009 34.128
 131 106.157017  10.204781     2.824     2.815 13 55953.53257223 35.648
 132 106.156694  10.205517     2.607     2.612 13 55963.44821115 32.686
 133 106.157516  10.204446     2.231     2.195 13 55973.36384904 34.214
 134 106.163135  10.196237     2.469     2.450 12 55983.27948781 33.321
 135 106.170846  10.187622     1.888     2.015 13 55993.19512499 37.920
 136 106.169219  10.188325     2.015     1.996 14 56003.11077461 34.770
 137 106.163264  10.195589     2.746     2.652 12 56013.02642242 35.927
 138 106.156266  10.206146     2.406     2.399 13 56022.94206590 34.141
 139 106.154673  10.206626     1.960     1.930 13 56032.85770897 34.840
 140 106.156124  10.206145     2.072     2.104 13 56042.77335015 31.948
 141 106.161125  10.199754     2.411     2.300 13 56052.68899014 35.529
 142 106.168610  10.188949     1.619     1.662 14 56062.60462812 42.815
 143 106.170066  10.188109     2.318     2.341 12 56072.52026849 39.505
 144 106.164613  10.193479     2.613     2.604 13 56082.43591682 36.945
 145 106.159269  10.202083     2.107     2.093 12 56092.35156221 32.748
 146 106.158456  10.203458     2.216     2.183 12 56102.26720737 33.239
 147 106.159286  10.202627     2.268     2.278 13 56112.18283893 32.279
 148 106.162962  10.196504     2.200     2.106 12 56122.09847980 37.900
 149 106.167839  10.188775     2.502     2.542 14 56132.01411730 36.450
 150 106.168671  10.189187     2.531     2.574 14 56141.92975346 37.741
 151 106.162083  10.198192     2.327     2.182 12 56151.84540161 37.486
 152 106.159476  10.202280     2.275     2.305 13 56161.76104923 37.007
 153 106.160908  10.199867     2.440     2.507 13 56171.67669658 34.541
 154 106.164111  10.194207     2.158     2.154 12 56181.59234025 37.735
 155 106.164871  10.192981     2.645     2.616 13 56191.50797903 37.808
 156 106.165124  10.192547     3.073     3.023 14 56201.42361506 38.031
 157 106.168554  10.189200     2.436     2.468 14 56211.33925020 36.714
 158 106.174082  10.185817     2.594     2.571 10 56221.25488387 41.397
 159 106.172109  10.187004     2.433     2.534 12 56231.17053631 38.114
 160 106.169005  10.188397     2.168     2.194 14 56241.08618902 36.834
 161 106.163493  10.195432     2.661     2.626 12 56251.00183625 36.618
 162 106.159689  10.201568     2.803     2.808 12 56260.91747894 35.642
 163 106.159437  10.202501     2.829     2.817 13 56270.83312046 35.850
 164 106.163274  10.196074     2.709     2.590 12 56280.74876196 34.630
 165 106.158881  10.202748     2.386     2.437 12 56290.66441233 33.916
 166 106.156136  10.205978     2.355     2.342 13 56300.58005915 33.901
 167 106.154263  10.207549     2.470     2.450 13 56310.49570231 34.474
 168 106.153735  10.207252     2.556     2.533 13 56320.41134398 34.399
 169 106.154207  10.207420     2.486     2.480 13 56330.32698520 33.594
 170 106.157930  10.203606     2.227     2.213 12 56340.24262705 31.686
 171 106.166282  10.190914     2.395     2.410 14 56350.15826898 33.701
 172 106.169271  10.189101     2.059     1.987 13 56360.07390747 35.817
 173 106.160633  10.200440     2.092     2.070 13 56369.98955491 35.198
 175 106.152374  10.207413     2.629     2.596 13 56389.82084527 38.171
 176 106.154829  10.206201     2.113     2.071 13 56399.73648872 34.870
 177 106.159829  10.201354     2.358     2.438 13 56409.65213039 35.157
 178 106.167365  10.189994     2.478     2.556 14 56419.56776900 34.501
 179 106.170003  10.188405     2.168     2.115 13 56429.48340431 38.823
 180 106.160393  10.200143     2.719     2.661 13 56439.39905425 34.400
 181 106.154679  10.206973     2.527     2.526 13 56449.31470327 35.002
 182 106.154215  10.206858     2.272     2.252 13 56459.23035216 33.943
 183 106.154602  10.206265     2.271     2.275 13 56469.14599798 34.543
 184 106.155253  10.205995     2.106     2.136 13 56479.06163978 34.423
 185 106.156147  10.205986     2.029     2.063 13 56488.97727755 32.867
 186 106.159651  10.201723     2.380     2.299 13 56498.89291365 36.779
 187 106.167797  10.189766     2.233     2.255 14 56508.80855022 40.363
 188 106.171978  10.186460     2.206     2.145 12 56518.72419065 46.348
 189 106.169795  10.187543     2.480     2.455 13 56528.63984362 38.635
 190 106.167525  10.189651     2.215     2.219 14 56538.55549222 38.232
 191 106.161677  10.198835     2.449     2.316 13 56548.47113502 36.461
 192 106.156709  10.205523     2.389     2.351 13 56558.38677617 34.000
 193 106.156498  10.205089     2.590     2.650 13 56568.30241861 32.991
 194 106.160369  10.200731     2.626     2.497 13 56578.21806115 35.422
 195 106.169463  10.188420     2.721     2.653 14 56588.13370221 38.658
 196 106.171166  10.187773     2.349     2.278 12 56598.04934531 41.315
 197 106.165138  10.192502     2.702     2.599 13 56607.96499553 38.532
 198 106.157660  10.204301     2.796     2.791 13 56617.88063902 33.904
 199 106.156886  10.204845     3.095     3.076 13 56627.79628189 33.316
 200 106.160401  10.200788     3.007     3.009 14 56637.71192306 36.751
 201 106.166297  10.190688     2.716     2.584 14 56647.62756792 39.504
 202 106.159372  10.202258     2.620     2.585 13 56657.54321661 34.908
 203 106.155516  10.205894     2.171     2.164 13 56667.45886303 34.933
 204 106.153919  10.206547     2.257     2.337 13 56677.37450803 35.613
 205 106.154399  10.206274     2.267     2.207 13 56687.29015244 35.157
 206 106.156771  10.205466     2.108     2.133 13 56697.20579515 34.075
 207 106.164726  10.193525     2.517     2.559 13 56707.12143604 36.084
 208 106.168993  10.188506     2.478     2.479 13 56717.03707331 39.091
 209 106.158138  10.203506     1.507     1.851 13 56726.95272274 33.681
 210 106.153046  10.206475     2.010     2.047 13 56736.86837082 38.019
 211 106.151741  10.207356     2.227     2.211 12 56746.78401592 41.027
 212 106.155122  10.206097     2.042     2.051 13 56756.69965736 34.470
 213 106.166224  10.190426     2.610     2.523 14 56766.61529654 38.027
 214 106.168077  10.188455     2.594     2.698 14 56776.53093881 39.041
 215 106.156321  10.205838     2.146     2.221 13 56786.44659031 32.678
 216 106.150646  10.207796     2.077     2.005 13 56796.36224215 39.176
 217 106.148186  10.208367     2.156     2.046 13 56806.27789005 40.243
 218 106.149996  10.208381     2.323     2.265 13 56816.19353214 39.031
 219 106.153116  10.207964     2.611     2.576 13 56826.10917096 36.211
 220 106.157970  10.203728     1.602     2.001 13 56836.02480720 33.119
 221 106.166354  10.190771     2.128     2.081 14 56845.94044213 38.019
 222 106.161459  10.199461     2.436     2.046 13 56855.85608767 35.056
 223 106.157044  10.205143     1.486     1.447 12 56865.77173913 36.869
 224 106.155484  10.205470     2.058     2.047 13 56875.68739080 36.305
 225 106.153598  10.207826     2.494     2.481 13 56885.60303890 36.643
 226 106.152946  10.207048     2.414     2.429 13 56895.51868489 38.279
 227 106.151588  10.207540     2.077     2.109 12 56905.43432761 38.251
 228 106.150749  10.207956     2.233     2.313 13 56915.34996857 35.664
 229 106.152819  10.206989     2.094     2.193 13 56925.26560847 37.152
 230 106.157957  10.204067     2.423     2.433 12 56935.18124621 34.635
 231 106.169740  10.188353     2.800     2.816 13 56945.09688194 40.673
 232 106.167445  10.190034     2.797     2.768 14 56955.01253207 38.041
 233 106.159310  10.202403     2.659     2.638 13 56964.92817868 37.724
 234 106.156145  10.205211     2.473     2.537 13 56974.84382286 33.828
 235 106.157075  10.204612     2.515     2.540 13 56984.75946351 33.750
 236 106.166162  10.190701     2.618     2.603 14 56994.67510228 41.477
 237 106.169412  10.189232     2.962     2.971 13 57004.59074256 37.840
 238 106.162508  10.197292     3.006     2.924 12 57014.50639574 37.885
 239 106.156404  10.205177     2.479     2.448 13 57024.42204454 33.975
 240 106.154242  10.206986     1.896     2.025 13 57034.33769289 36.445
 241 106.154485  10.207623     2.063     2.175 13 57044.25333941 35.000
 242 106.156418  10.206145     2.248     2.273 13 57054.16898386 32.958
 243 106.159834  10.201601     2.492     2.499 13 57064.08462435 34.136
 244 106.165189  10.192225     2.900     2.880 13 57074.00026101 38.026
 245 106.169888  10.188082     2.500     2.539 12 57083.91589282 38.180
 246 106.166297  10.190764     2.292     2.245 14 57093.83154293 37.063
 247 106.158012  10.203581     2.161     2.175 12 57103.74719617 33.302
 248 106.155663  10.206683     1.884     1.885 13 57113.66284775 33.786
 249 106.156203  10.205893     2.585     2.628 12 57123.57849425 32.967
 250 106.156194  10.206388     2.645     2.619 13 57133.49413511 32.993
 251 106.159136  10.202569     2.565     2.638 13 57143.40977268 33.720
 252 106.165589  10.192283     2.121     2.060 14 57153.32540936 38.142
 253 106.170452  10.188080     2.253     2.346 13 57163.24104517 37.205
 254 106.165333  10.192146     1.975     1.886 14 57173.15670120 36.999
 255 106.158792  10.202436     2.207     2.114 13 57183.07235264 34.208
 256 106.154577  10.207568     2.318     2.286 13 57192.98800139 34.016
 257 106.153271  10.206809     2.160     2.173 13 57202.90364881 38.716
 258 106.153557  10.206196     1.946     2.018 13 57212.81928262 37.338
 259 106.155387  10.206645     1.915     1.898 13 57222.73492598 32.829
 260 106.159449  10.201708     1.757     1.796 13 57232.65056896 34.188
 261 106.162896  10.196425     2.475     2.439 12 57242.56620920 36.753
 262 106.165610  10.192155     2.659     2.565 14 57252.48184671 37.794
 263 106.168628  10.188885     2.518     2.573 13 57262.39748258 37.613
 264 106.172251  10.187011     2.232     2.208 11 57272.31311843 37.187
 265 106.168790  10.188900     2.582     2.527 14 57282.22877535 35.643
 266 106.165309  10.192480     2.473     2.476 13 57292.14442957 35.554
 267 106.159265  10.202020     2.293     2.323 12 57302.06007907 34.394
 268 106.154850  10.207279     2.961     2.995 13 57311.97572579 33.226
 269 106.152441  10.208028     3.123     3.102 13 57321.89137013 36.840
 270 106.152132  10.208289     2.812     2.826 13 57331.80701227 38.232
 271 106.154841  10.206729     2.152     2.152 14 57341.72265285 35.087
 272 106.153293  10.207486     2.042     2.120 13 57351.63830364 37.388
 273 106.153923  10.207293     1.899     1.948 13 57361.55394803 35.349
 274 106.154877  10.206120     2.544     2.532 13 57371.46958956 35.492
 275 106.155475  10.206839     2.735     2.711 13 57381.38522898 31.942
 276 106.160274  10.200678     2.384     2.294 13 57391.30086974 32.733
 277 106.168962  10.188241     2.590     2.672 13 57401.21651131 33.981
 278 106.171702  10.186966     2.454     2.580 11 57411.13215352 41.322
 279 106.167234  10.189235     2.286     2.235 15 57421.04780533 35.982
 280 106.156934  10.205235     2.820     2.828 13 57430.96345107 34.420
 281 106.153469  10.207084     2.975     2.937 14 57440.87909808 38.841
 282 106.154054  10.206148     2.139     2.167 13 57450.79474487 37.249
 283 106.155874  10.205754     2.184     2.283 13 57460.71038996 33.740
 284 106.161006  10.199652     2.112     2.138 13 57470.62603306 34.599
 285 106.166509  10.190639     2.272     2.198 15 57480.54167278 37.079
 286 106.168470  10.188225     2.408     2.490 14 57490.45730785 37.700
 287 106.170834  10.187736     2.641     2.617 13 57500.37294080 38.085
 288 106.170297  10.187281     2.488     2.573 13 57510.28858690 37.036
 289 106.165089  10.192697     2.493     2.289 13 57520.20424134 37.592
 290 106.160526  10.200044     2.188     2.148 13 57530.11989284 35.250
 291 106.157036  10.205020     2.034     2.038 12 57540.03554161 32.519
 292 106.154890  10.206177     1.787     1.849 13 57549.95118835 35.034
 293 106.153379  10.206994     2.105     2.155 13 57559.86683354 37.387
 294 106.153659  10.207076     2.338     2.321 13 57569.78247822 38.996
 295 106.155531  10.206736     1.992     1.921 13 57579.69812268 32.505
 296 106.159865  10.200881     2.166     2.052 13 57589.61376680 33.466
 297 106.161143  10.199515     2.365     2.273 13 57599.52940708 35.040
