-211638.906    12.647     0.00    3.32
-211349.964    12.836     0.66    3.12
-211061.028    13.469     2.19    2.80
-210772.099    13.436    -0.12    2.95
-210483.176    13.506     0.24    2.57
-210194.258    13.322    -0.64    2.62
-209905.347    13.169    -0.53    2.13
-209616.442    13.209     0.14    2.03
-209327.543    13.131    -0.27    2.07
-209038.650    13.471     1.18    2.20
-208749.763    13.583     0.39    2.09
-208460.882    13.802     0.76    2.01
-208172.008    13.838     0.12    1.98
-207883.139    13.419    -1.45    1.66
-207594.276    13.169    -0.87    1.99
-207305.420    12.860    -1.07    1.96
-207016.569    12.583    -0.96    2.19
-206727.725    12.402    -0.62    2.26
-206438.887    12.176    -0.78    2.30
-206150.054    12.189     0.04    2.21
-205861.228    12.317     0.44    1.99
-205572.408    12.169    -0.51    1.83
-205283.594    12.057    -0.39    1.80
-204994.786    11.796    -0.91    1.93
-204705.984    11.504    -1.01    2.00
-204417.188    11.173    -1.15    2.03
-204128.398    11.402     0.79    2.07
-203839.614    11.852     1.56    2.49
-203550.837    12.805     3.30    3.05
-203262.065    13.976     4.05    3.52
-202973.299    15.116     3.95    3.90
-202684.540    16.595     5.12    3.83
-202395.786    18.436     6.37    4.23
-202107.038    21.148     9.39    5.64
-201818.297    25.243    14.19    8.52
-201529.562    30.322    17.59   11.72
-201240.832    36.042    19.81   13.29
-200952.109    43.199    24.79   14.56
-200663.391    51.385    28.36   15.98
-200374.680    58.419    24.36   15.38
-200085.975    67.195    30.40   13.72
-199797.276    73.241    20.94   11.80
-199508.582    78.402    17.88    9.59
-199219.895    83.264    16.84    4.78
-198931.214    84.678     4.90    4.04
-198642.539    86.714     7.05    3.88
-198353.870    88.037     4.59    4.27
-198065.207    89.131     3.79    4.30
-197776.550    89.910     2.70    4.68
-197487.899    90.538     2.17    5.13
-197199.254    91.336     2.76    4.65
-196910.615    92.369     3.58    5.25
-196621.982    92.894     1.82    6.05
-196333.355    92.624    -0.93    7.09
-196044.734    92.069    -1.93    7.43
-195756.119    90.802    -4.39    8.23
-195467.510    88.858    -6.74    9.22
-195178.907    86.545    -8.02    9.83
-194890.310    84.219    -8.06    9.02
-194601.719    82.628    -5.51    8.60
-194313.134    82.436    -0.67    9.82
-194024.555    82.988     1.92   10.15
-193735.982    83.555     1.96    9.98
-193447.415    84.746     4.13    8.20
-193158.854    84.767     0.07    7.69
-192870.299    84.023    -2.58    7.00
-192581.750    81.796    -7.72    6.41
-192293.207    79.552    -7.78    6.36
-192004.670    76.894    -9.21    6.76
-191716.139    71.681   -18.07    9.83
-191427.614    66.779   -16.99   10.81
-191139.095    61.951   -16.74   10.94
-190850.582    57.102   -16.81   10.02
-190562.075    52.602   -15.60    8.84
-190273.574    48.241   -15.12    7.68
-189984.556    44.609   -12.57    7.86
-189694.767    41.861    -9.48    7.70
-189404.984    38.681   -10.98    6.22
-189115.207    36.250    -8.39    5.37
-188825.437    34.161    -7.21    5.39
-188535.672    32.287    -6.47    5.09
-188245.913    30.069    -7.66    4.33
-187956.160    28.596    -5.08    4.30
-187666.413    27.006    -5.49    4.04
-187376.672    25.352    -5.71    3.06
-187086.938    24.264    -3.76    2.40
-186797.209    23.730    -1.84    2.31
-186507.486    23.547    -0.63    2.22
-186217.770    23.338    -0.72    2.25
-185928.059    23.091    -0.85    2.45
-185638.354    22.678    -1.42    2.70
-185348.656    22.702     0.08    2.82
-185058.963    22.109    -2.05    2.65
-184769.276    21.271    -2.89    2.96
-184479.596    20.521    -2.59    2.67
-184189.921    19.639    -3.04    2.47
-183900.253    19.299    -1.18    2.57
-183610.590    18.786    -1.77    2.54
-183320.934    18.497    -0.99    2.81
-183031.283    18.536     0.13    2.90
-182741.638    18.786     0.86    2.97
-182452.000    18.809     0.08    2.87
-182162.367    19.086     0.95    2.79
-181872.741    19.602     1.78    2.96
-181583.120    19.902     1.04    2.67
-181293.506    19.958     0.19    2.41
-181003.897    19.986     0.10    2.25
-180714.294    20.080     0.33    2.29
-180424.698    19.771    -1.07    2.45
-180135.107    18.910    -2.97    2.41
-179845.522    18.086    -2.85    2.27
-179555.944    17.096    -3.42    2.21
-179266.371    16.319    -2.68    2.18
-178976.804    15.523    -2.75    2.47
-178687.244    14.952    -1.97    2.30
-178397.689    14.173    -2.69    2.19
-178108.140    13.736    -1.51    1.94
-177818.598    13.350    -1.33    1.56
-177529.061    12.886    -1.61    1.37
-177239.530    12.609    -0.95    1.20
-176950.005    12.353    -0.88    1.26
-176660.486    12.102    -0.87    1.29
-176370.973    12.069    -0.12    1.34
-176081.466    11.992    -0.26    1.33
-175791.965    11.928    -0.22    1.29
-175502.470    11.978     0.18    1.13
-175212.981    11.988     0.03    1.01
-174923.498    12.025     0.13    1.04
-174634.021    11.885    -0.48    1.03
-174344.550    11.669    -0.75    0.92
-174055.085    11.557    -0.39    0.85
-173765.625    11.470    -0.30    0.91
-173476.172    11.434    -0.12    0.78
-173186.725    11.469     0.12    1.09
-172897.283    11.515     0.16    1.29
-172607.848    11.402    -0.39    1.38
-172318.418    11.352    -0.17    1.50
-172028.995    11.334    -0.06    1.54
-171739.577    11.275    -0.20    1.55
-171450.165    11.353     0.27    1.62
-171160.759    11.255    -0.34    1.35
-170871.360    11.075    -0.62    1.30
-170581.966    11.114     0.14    1.31
-170292.578    11.069    -0.16    1.27
-170003.196    11.036    -0.12    1.22
-169713.820    11.031    -0.01    1.24
-169424.450    10.860    -0.59    1.39
-169135.085    10.782    -0.27    1.50
-168845.727    10.538    -0.84    1.58
-168556.375    10.419    -0.41    1.48
-168267.028    10.529     0.38    1.59
-167977.688    10.707     0.62    1.76
-167688.353    10.969     0.90    1.93
-167399.024    10.669    -1.04    1.88
-167109.702    10.502    -0.58    2.00
-166820.385    10.453    -0.17    2.01
-166531.074    10.209    -0.84    1.94
-166241.769     9.910    -1.03    1.88
-165952.470     9.741    -0.58    1.76
-165663.177     9.623    -0.41    1.82
-165373.889     9.741     0.41    1.82
-165084.608     9.517    -0.78    2.02
-164795.333     9.487    -0.10    2.00
-164506.063     9.107    -1.31    2.10
-164216.799     9.036    -0.25    2.07
-163927.542     8.919    -0.40    1.98
-163638.290     8.338    -2.01    1.71
-163349.044     8.352     0.05    1.70
-163059.804     8.338    -0.05    1.64
-162770.570     8.488     0.52    1.87
-162481.342     8.786     1.03    1.81
-162192.119     9.174     1.34    1.96
-161902.903     9.386     0.73    1.89
-161613.692     9.486     0.34    1.78
-161324.487     9.660     0.60    1.75
-161035.289    10.063     1.39    1.78
-160746.096    10.144     0.28    1.86
-160456.909    10.419     0.95    1.88
-160167.728    10.471     0.18    2.08
-159878.552    10.124    -1.20    2.40
-159589.383     9.954    -0.59    2.44
-159300.219     9.487    -1.62    2.46
-159011.062     9.437    -0.17    2.28
-158721.910     9.202    -0.81    2.33
-158432.764     9.212     0.03    2.34
-158143.624     9.202    -0.03    2.54
-157854.490     9.602     1.38    2.75
-157565.362     9.730     0.44    2.67
-157276.239     9.836     0.37    2.80
-156987.123    10.586     2.59    3.13
-156698.012    11.180     2.06    3.36
-156408.907    11.434     0.88    3.44
-156119.809    12.002     1.96    3.45
-155830.715    12.402     1.38    3.31
-155541.628    12.868     1.61    2.85
-155252.547    12.773    -0.33    2.77
-154963.471    12.436    -1.17    2.65
-154674.402    12.160    -0.95    2.28
-154385.338    11.885    -0.95    2.10
-154096.280    11.592    -1.01    1.98
-153807.228    11.623     0.11    2.03
-153518.182    11.517    -0.37    2.27
-153229.141    11.307    -0.73    2.12
-152940.107    10.816    -1.70    1.58
-152651.078    10.569    -0.86    1.52
-152362.055    10.286    -0.98    1.58
-152073.038    10.186    -0.35    1.66
-151784.027     9.826    -1.24    1.61
-151495.022     9.304    -1.81    1.59
-151206.022     9.031    -0.94    1.63
-150917.028     8.652    -1.31    1.78
-150628.041     8.252    -1.38    1.78
-150339.059     8.213    -0.14    1.65
-150050.082     8.124    -0.31    1.53
-149761.112     8.199     0.26    1.53
-149472.147     8.156    -0.15    1.63
-149183.189     8.250     0.32    1.78
-148894.236     8.178    -0.25    1.60
-148605.289     8.156    -0.08    1.50
-148316.348     8.202     0.16    1.33
-148027.412     8.289     0.30    1.34
-147738.483     8.471     0.63    1.41
-147449.559     8.736     0.92    1.43
-147160.641     9.057     1.11    1.54
-146871.729     9.402     1.19    1.52
-146582.822     9.628     0.78    1.69
-146293.922    10.025     1.37    2.06
-146005.027    10.386     1.25    2.05
-145716.138    10.592     0.71    2.07
-145427.255    10.586    -0.02    2.02
-145138.378    10.954     1.28    2.04
-144849.506    11.205     0.87    1.93
-144560.641    11.046    -0.55    1.70
-144271.781    10.809    -0.82    1.57
-143982.927    10.730    -0.27    1.57
-143694.078    10.486    -0.85    1.64
-143405.236    10.305    -0.62    1.50
-143116.399    10.086    -0.76    1.43
-142827.568     9.796    -1.00    1.33
-142538.743     9.700    -0.33    1.36
-142249.924     9.719     0.06    1.46
-141961.110     9.583    -0.47    1.51
-141672.303     9.513    -0.24    1.65
-141383.501     9.212    -1.04    1.66
-141094.704     9.009    -0.70    1.51
-140805.914     8.606    -1.40    1.47
-140517.129     8.247    -1.24    1.56
-140228.350     8.074    -0.60    1.42
-139939.577     7.775    -1.04    1.31
-139650.810     7.580    -0.68    1.43
-139362.049     7.402    -0.61    1.52
-139073.293     7.419     0.06    1.77
-138784.543     7.471     0.18    1.84
-138495.799     7.619     0.51    2.50
-138207.060     7.757     0.48    2.57
-137918.328     7.988     0.80    2.68
-137629.601     8.156     0.58    2.68
-137340.880     8.075    -0.28    2.15
-137052.164     7.978    -0.33    1.98
-136763.455     8.025     0.16    1.93
-136474.751     8.107     0.28    1.72
-136186.053     7.983    -0.43    1.64
-135897.360     7.609    -1.29    1.76
-135608.674     7.336    -0.95    1.83
-135319.993     7.456     0.42    1.73
-135031.318     7.483     0.09    1.80
-134742.649     7.304    -0.62    1.77
-134453.985     7.091    -0.74    1.76
-134165.327     6.995    -0.33    1.35
-133876.675     7.075     0.27    1.19
-133588.029     7.036    -0.14    1.10
-133299.388     7.230     0.67    1.22
-133010.753     7.337     0.37    1.17
-132722.124     7.282    -0.19    1.17
-132433.501     7.199    -0.29    1.26
-132144.883     7.182    -0.06    1.27
-131856.271     6.886    -1.03    1.28
-131567.665     6.878    -0.02    1.22
-131279.065     6.836    -0.15    1.13
-130990.470     6.992     0.54    1.35
-130701.881     6.764    -0.79    1.62
-130413.298     6.636    -0.45    1.70
-130124.721     6.609    -0.09    1.70
-129836.149     6.434    -0.61    1.82
-129547.583     6.468     0.12    2.07
-129259.022     6.336    -0.46    2.43
-128970.468     6.161    -0.61    2.20
-128681.919     6.046    -0.40    2.12
-128393.376     6.128     0.28    2.21
-128104.838     6.352     0.78    2.29
-127816.191     6.434     0.28    2.21
-127526.424     6.436     0.01    2.12
-127236.663     6.644     0.72    2.10
-126946.908     7.012     1.27    2.03
-126657.158     6.976    -0.13    2.17
-126367.415     6.688    -0.99    2.26
-126077.677     6.504    -0.64    2.21
-125787.944     6.486    -0.06    2.23
-125498.218     6.486     0.00    2.24
-125208.497     6.286    -0.69    2.24
-124918.782     5.928    -1.24    1.96
-124629.073     5.847    -0.28    2.01
-124339.370     5.599    -0.86    1.82
-124049.672     5.690     0.32    1.76
-123759.980     5.843     0.53    1.69
-123470.294     5.954     0.38    1.75
-123180.614     6.042     0.30    1.77
-122890.939     6.057     0.05    1.94
-122601.270     6.086     0.10    1.94
-122311.607     5.937    -0.51    2.01
-122021.949     6.029     0.32    1.80
-121732.297     6.112     0.29    1.95
-121442.651     6.353     0.83    1.79
-121153.011     6.451     0.34    1.46
-120863.377     6.420    -0.11    1.40
-120573.748     6.519     0.34    1.53
-120284.125     6.644     0.43    1.45
-119994.508     6.628    -0.05    1.67
-119704.896     6.419    -0.72    1.72
-119415.290     6.337    -0.28    1.78
-119125.690     6.080    -0.89    1.72
-118836.096     6.126     0.16    1.55
-118546.507     5.836    -1.00    1.48
-118256.924     5.713    -0.42    1.58
-117967.347     5.789     0.27    1.53
-117677.775     5.552    -0.82    1.47
-117388.209     5.316    -0.82    1.76
-117098.649     5.114    -0.70    1.71
-116809.095     4.779    -1.16    1.61
-116519.546     4.672    -0.37    1.46
-116230.003     4.850     0.62    1.50
-115940.466     5.219     1.27    1.86
-115650.934     5.452     0.81    2.23
-115361.408     5.536     0.29    2.37
-115071.888     5.538     0.01    2.42
-114782.374     5.304    -0.81    2.49
-114492.865     4.983    -1.11    2.41
-114203.362     4.486    -1.72    1.97
-113913.865     4.469    -0.06    1.73
-113624.373     4.437    -0.11    1.62
-113334.887     4.189    -0.86    1.67
-113045.407     4.114    -0.26    1.62
-112755.932     3.943    -0.59    1.66
-112466.463     3.868    -0.26    1.67
-112177.000     3.868     0.00    1.82
-111887.543     3.566    -1.04    1.93
-111598.091     3.536    -0.11    1.86
-111308.645     3.289    -0.85    1.93
-111019.204     3.545     0.88    2.02
-110729.770     3.336    -0.72    2.17
-110440.340     3.126    -0.72    2.18
-110150.917     3.515     1.34    2.33
-109861.499     3.583     0.23    2.28
-109572.087     3.714     0.45    2.33
-109282.681     3.894     0.62    2.31
-108993.280     3.850    -0.15    2.22
-108703.885     3.763    -0.30    2.24
-108414.496     3.523    -0.83    2.38
-108125.112     3.209    -1.09    2.25
-107835.734     3.169    -0.14    2.29
-107546.362     2.850    -1.10    2.36
-107256.995     2.592    -0.89    2.48
-106967.634     2.730     0.48    2.76
-106678.279     2.805     0.26    2.94
-106388.929     2.850     0.16    2.92
-106099.585     3.025     0.60    2.76
-105810.247     3.213     0.65    2.64
-105520.914     3.639     1.48    2.67
-105231.587     4.025     1.33    2.62
-104942.265     4.173     0.51    2.43
-104652.949     4.402     0.79    2.42
-104363.639     4.937     1.85    2.42
-104074.335     4.936    -0.00    2.38
-103785.036     5.277     1.18    2.50
-103495.743     5.273    -0.01    2.53
-103206.455     5.502     0.79    2.74
-102917.173     5.550     0.16    2.64
-102627.897     5.504    -0.16    2.53
-102338.626     5.626     0.42    2.63
-102049.361     5.222    -1.40    2.31
-101760.102     4.833    -1.34    2.44
-101470.848     4.419    -1.43    2.49
-101181.600     4.092    -1.13    2.75
-100892.358     3.419    -2.33    2.81
-100603.121     3.269    -0.52    2.95
-100313.890     3.599     1.14    3.35
-100024.664     3.561    -0.13    3.30
 -99735.444     4.002     1.53    3.28
 -99446.230     4.386     1.33    3.23
 -99157.021     4.809     1.46    3.02
 -98867.818     4.586    -0.77    2.81
 -98578.621     4.299    -0.99    2.28
 -98289.429     4.132    -0.58    1.66
 -98000.243     4.042    -0.31    1.59
 -97711.062     3.928    -0.39    1.42
 -97421.887     3.919    -0.03    1.39
 -97132.718     3.799    -0.42    1.56
 -96843.554     3.515    -0.98    1.82
 -96554.396     3.402    -0.39    1.74
 -96265.243     3.112    -1.00    1.74
 -95976.096     2.894    -0.75    1.74
 -95686.955     3.075     0.63    1.96
 -95397.819     3.202     0.44    1.99
 -95108.689     3.484     0.98    2.25
 -94819.564     3.773     1.00    2.44
 -94530.445     3.868     0.33    2.56
 -94241.332     4.169     1.04    2.71
 -93952.224     4.104    -0.22    2.87
 -93663.122     4.042    -0.22    2.83
 -93374.025     3.819    -0.77    2.57
 -93084.935     3.402    -1.44    2.29
 -92795.849     3.536     0.46    2.32
 -92506.769     3.799     0.91    2.04
 -92217.695     4.046     0.86    2.25
 -91928.626     4.609     1.95    2.21
 -91639.563     5.009     1.38    2.19
 -91350.506     5.368     1.24    1.96
 -91061.454     5.606     0.82    1.98
 -90772.408     5.902     1.03    1.88
 -90483.367     6.063     0.56    1.77
 -90194.332     5.725    -1.17    1.84
 -89905.302     5.648    -0.27    1.89
 -89616.278     5.355    -1.02    1.75
 -89327.260     5.034    -1.11    1.59
 -89038.247     4.886    -0.51    1.52
 -88749.240     4.877    -0.03    1.48
 -88460.238     4.910     0.12    1.45
 -88171.242     4.983     0.25    1.48
 -87882.251     4.910    -0.25    1.50
 -87593.266     4.877    -0.12    1.59
 -87304.287     4.764    -0.39    1.53
 -87015.313     4.665    -0.35    1.62
 -86726.344     4.775     0.38    1.89
 -86437.382     4.886     0.38    1.91
 -86148.424     4.828    -0.20    1.83
 -85859.473     5.247     1.45    2.17
 -85570.527     5.488     0.84    2.08
 -85281.586     5.419    -0.24    2.25
 -84992.651     5.386    -0.11    2.26
 -84703.722     5.213    -0.60    2.21
 -84414.798     5.042    -0.59    2.21
 -84125.879     4.592    -1.56    2.33
 -83836.966     4.504    -0.30    2.15
 -83548.059     4.599     0.33    2.24
 -83259.157     4.287    -1.08    2.15
 -82970.261     4.193    -0.33    2.20
 -82681.370     4.086    -0.37    2.18
 -82392.485     4.119     0.11    2.19
 -82103.606     4.116    -0.01    2.02
 -81814.732     3.886    -0.80    1.97
 -81525.863     3.786    -0.35    1.61
 -81237.000     3.812     0.09    1.46
 -80948.142     3.833     0.07    1.42
 -80659.291     3.868     0.12    1.57
 -80370.444     3.819    -0.17    1.52
 -80081.603     3.816    -0.01    1.55
 -79792.768     3.960     0.50    1.58
 -79503.938     4.023     0.22    1.65
 -79215.114     4.012    -0.04    1.63
 -78926.295     3.792    -0.76    1.47
 -78637.481     3.648    -0.50    1.47
 -78348.674     3.783     0.47    1.36
 -78059.871     3.452    -1.15    1.50
 -77771.075     3.552     0.35    1.51
 -77482.283     3.519    -0.12    1.58
 -77193.498     3.486    -0.12    1.74
 -76904.717     3.470    -0.05    1.78
 -76615.943     3.370    -0.35    1.85
 -76327.173     3.225    -0.50    1.72
 -76038.410     3.602     1.31    1.62
 -75749.651     3.385    -0.75    1.46
 -75460.899     3.437     0.18    1.39
 -75172.151     3.275    -0.56    1.43
 -74883.410     3.152    -0.43    1.46
 -74594.674     3.160     0.03    1.45
 -74305.943     3.036    -0.43    1.51
 -74017.218     2.902    -0.46    1.45
 -73728.498     2.869    -0.12    1.46
 -73439.784     2.911     0.14    1.41
 -73151.075     2.838    -0.25    1.39
 -72862.372     2.713    -0.43    1.38
 -72573.674     2.702    -0.04    1.28
 -72284.981     2.575    -0.44    1.17
 -71996.295     2.451    -0.43    1.15
 -71707.613     2.435    -0.06    1.21
 -71418.937     2.287    -0.51    1.29
 -71130.267     2.402     0.40    1.47
 -70841.602     2.333    -0.24    1.59
 -70552.943     2.519     0.64    1.74
 -70264.289     2.713     0.67    1.72
 -69975.640     2.644    -0.24    1.74
 -69686.997     2.669     0.09    1.74
 -69398.360     2.353    -1.09    1.65
 -69109.728     2.195    -0.55    1.66
 -68821.101     2.080    -0.40    1.75
 -68532.480     2.015    -0.23    1.75
 -68243.864     2.555     1.87    2.38
 -67955.254     2.583     0.10    2.49
 -67666.649     2.841     0.89    2.49
 -67378.050     2.877     0.12    2.50
 -67089.456     3.250     1.29    2.59
 -66800.868     3.435     0.64    2.43
 -66512.285     3.128    -1.06    2.59
 -66223.707     2.555    -1.99    2.16
 -65935.135     2.352    -0.70    2.00
 -65646.569     2.086    -0.92    1.89
 -65357.075     1.686    -1.38    1.54
 -65067.335     1.368    -1.09    1.49
 -64777.601     1.434     0.23    1.45
 -64487.872     1.386    -0.17    1.54
 -64198.149     1.097    -1.00    1.38
 -63908.432     0.911    -0.64    1.44
 -63618.720     0.885    -0.09    1.42
 -63329.013     0.943     0.20    1.51
 -63039.312     0.860    -0.29    1.59
 -62749.616     0.910     0.17    1.58
 -62459.926     0.911     0.00    1.59
 -62170.241     1.006     0.33    1.69
 -61880.562     1.205     0.69    1.73
 -61590.888     1.236     0.10    2.05
 -61301.220     1.322     0.30    1.98
 -61011.557     1.438     0.40    2.03
 -60721.900     1.436    -0.01    1.91
 -60432.248     1.472     0.13    1.90
 -60142.602     1.693     0.76    1.75
 -59852.961     1.468    -0.78    1.66
 -59563.325     1.435    -0.11    1.61
 -59273.695     1.623     0.65    2.04
 -58984.071     1.644     0.07    2.15
 -58694.452     1.746     0.36    2.24
 -58404.838     1.523    -0.77    2.30
 -58115.230     1.451    -0.25    2.26
 -57825.627     1.302    -0.51    2.17
 -57536.030     1.144    -0.55    1.69
 -57246.439     1.161     0.06    1.67
 -56956.852     1.286     0.43    1.60
 -56667.271     1.193    -0.32    1.64
 -56377.696     1.109    -0.29    1.71
 -56088.126     1.009    -0.35    1.70
 -55798.562     0.928    -0.28    1.70
 -55509.003     0.707    -0.76    1.72
 -55219.449     0.648    -0.20    1.67
 -54929.901     0.501    -0.51    1.55
 -54640.358     0.697     0.68    1.81
 -54350.821     0.673    -0.08    1.68
 -54061.289     0.936     0.91    1.89
 -53771.763     1.075     0.48    1.87
 -53482.242     0.943    -0.45    2.05
 -53192.727     0.986     0.15    1.96
 -52903.217     0.550    -1.51    2.41
 -52613.712     0.264    -0.99    2.25
 -52324.213     0.284     0.07    2.15
 -52034.719     0.338     0.19    2.22
 -51745.231     0.673     1.16    2.29
 -51455.748     0.861     0.65    2.20
 -51166.271     0.683    -0.62    2.29
 -50876.799     0.894     0.73    1.97
 -50587.332     1.219     1.12    2.09
 -50297.871     1.517     1.03    2.32
 -50008.415     1.943     1.47    2.41
 -49718.965     2.301     1.23    2.50
 -49429.520     2.707     1.41    2.29
 -49140.080     2.752     0.16    2.28
 -48850.646     2.919     0.58    2.21
 -48561.218     2.843    -0.26    2.15
 -48271.794     2.693    -0.52    2.08
 -47982.377     2.517    -0.61    2.02
 -47692.964     2.589     0.25    1.93
 -47403.557     2.419    -0.59    2.14
 -47114.156     2.092    -1.13    2.18
 -46824.759     2.746     2.26    3.96
 -46535.369     2.747     0.00    4.03
 -46245.983     2.919     0.59    3.98
 -45956.603     2.988     0.24    4.03
 -45667.229     3.213     0.77    4.07
 -45377.859     3.386     0.60    3.84
 -45088.496     3.302    -0.29    3.71
 -44799.137     2.660    -2.22    2.22
 -44509.784     2.491    -0.58    2.20
 -44220.436     2.169    -1.12    2.07
 -43931.094     2.086    -0.28    1.78
 -43641.757     1.886    -0.69    1.62
 -43352.426     1.644    -0.84    1.43
 -43063.100     1.779     0.47    1.52
 -42773.779     2.029     0.86    1.51
 -42484.464     2.075     0.16    1.47
 -42195.154     2.320     0.85    1.55
 -41905.849     2.161    -0.55    1.65
 -41616.550     2.484     1.12    1.61
 -41327.256     2.519     0.12    1.58
 -41037.968     2.454    -0.22    1.55
 -40748.685     2.488     0.12    1.61
 -40459.407     2.452    -0.13    1.47
 -40170.135     2.515     0.22    1.36
 -39880.868     2.764     0.86    1.41
 -39591.606     2.992     0.79    1.41
 -39302.350     3.126     0.46    1.61
 -39013.099     2.860    -0.92    1.64
 -38723.854     2.779    -0.28    1.60
 -38434.614     2.550    -0.79    1.56
 -38145.379     2.533    -0.06    1.69
 -37856.150     2.455    -0.27    1.68
 -37566.926     2.419    -0.12    1.49
 -37277.707     2.490     0.25    1.50
 -36988.494     2.483    -0.02    1.52
 -36699.286     2.286    -0.68    1.40
 -36410.083     2.451     0.57    1.48
 -36120.886     2.782     1.14    1.72
 -35831.694     3.182     1.38    2.04
 -35542.508     3.419     0.82    2.07
 -35253.326     3.334    -0.29    2.11
 -34964.150     3.501     0.57    1.96
 -34674.980     3.402    -0.34    1.96
 -34385.815     3.023    -1.31    1.84
 -34096.655     2.724    -1.03    1.21
 -33807.500     2.583    -0.49    1.19
 -33518.351     2.563    -0.07    1.15
 -33229.207     2.623     0.20    1.33
 -32940.069     2.533    -0.31    1.43
 -32650.936     2.402    -0.45    1.43
 -32361.808     2.267    -0.47    1.42
 -32072.685     2.267     0.00    1.41
 -31783.568     2.091    -0.61    1.32
 -31494.456     2.189     0.34    1.37
 -31205.350     2.136    -0.19    1.35
 -30916.249     2.102    -0.12    1.28
 -30627.153     2.075    -0.10    1.25
 -30338.062     1.960    -0.40    1.30
 -30048.977     2.097     0.48    1.39
 -29759.897     1.967    -0.45    1.37
 -29470.823     1.894    -0.25    1.30
 -29181.753     1.919     0.09    1.37
 -28892.689     1.910    -0.03    1.40
 -28603.631     2.069     0.55    1.34
 -28314.577     2.091     0.08    1.35
 -28025.529     2.023    -0.23    1.34
 -27736.487     2.052     0.10    1.48
 -27447.449     2.080     0.10    1.66
 -27158.417     2.337     0.89    2.02
 -26869.390     2.484     0.51    2.03
 -26580.369     2.572     0.30    2.13
 -26291.353     2.786     0.74    2.06
 -26002.342     2.902     0.40    2.10
 -25713.336     3.002     0.35    1.93
 -25424.336     2.868    -0.47    1.86
 -25135.341     2.799    -0.24    1.77
 -24846.351     2.697    -0.35    1.58
 -24557.367     2.877     0.62    1.58
 -24268.388     3.075     0.68    1.59
 -23979.414     3.097     0.08    1.75
 -23690.445     3.156     0.20    1.67
 -23401.482     2.902    -0.88    1.86
 -23112.524     2.499    -1.40    1.76
 -22823.571     2.267    -0.80    1.66
 -22534.624     2.040    -0.78    1.64
 -22245.682     2.086     0.16    1.55
 -21956.745     2.019    -0.23    1.58
 -21667.813     2.074     0.19    1.66
 -21378.887     2.075     0.00    1.58
 -21089.966     2.186     0.38    1.44
 -20801.050     2.595     1.42    1.76
 -20512.140     2.812     0.75    1.93
 -20223.235     2.952     0.49    1.96
 -19934.335     2.951    -0.01    1.96
 -19645.440     2.976     0.09    2.02
 -19356.550     3.069     0.32    2.00
 -19067.666     2.702    -1.27    1.92
 -18778.787     2.282    -1.46    1.68
 -18489.914     2.501     0.76    1.73
 -18201.045     2.351    -0.52    1.73
 -17912.182     2.368     0.06    1.77
 -17623.325     2.333    -0.12    1.73
 -17334.472     2.069    -0.92    1.74
 -17045.625     2.015    -0.19    1.63
 -16756.783     1.702    -1.08    1.64
 -16467.946     1.386    -1.09    1.40
 -16179.114     1.350    -0.13    1.34
 -15890.288     1.182    -0.58    1.12
 -15601.467     1.436     0.88    1.45
 -15312.651     1.644     0.72    1.65
 -15023.840     1.656     0.04    1.68
 -14735.035     1.719     0.22    1.53
 -14446.235     1.836     0.40    1.48
 -14157.440     1.782    -0.19    1.39
 -13868.650     1.702    -0.27    1.38
 -13579.866     1.469    -0.81    1.33
 -13291.087     1.561     0.32    1.41
 -13002.313     1.536    -0.09    1.44
 -12713.544     1.454    -0.28    1.42
 -12424.781     1.402    -0.18    1.49
 -12136.022     1.488     0.30    1.66
 -11847.269     1.484    -0.01    1.50
 -11558.522     1.419    -0.22    1.49
 -11269.779     1.352    -0.23    1.57
 -10981.042     1.385     0.11    1.55
 -10692.310     1.504     0.41    1.51
 -10403.583     1.580     0.26    1.32
 -10114.861     1.517    -0.22    1.39
  -9826.145     1.307    -0.73    1.57
  -9537.434     1.116    -0.66    1.71
  -9248.727     0.802    -1.09    1.76
  -8960.027     0.504    -1.03    1.62
  -8671.331     0.561     0.20    1.65
  -8382.641     0.870     1.07    1.86
  -8093.956     1.019     0.52    1.78
  -7805.276     1.521     1.74    1.83
  -7516.601     1.860     1.17    1.74
  -7227.931     2.074     0.74    1.59
  -6939.267     2.333     0.90    1.50
  -6650.608     2.547     0.74    1.75
  -6361.954     2.533    -0.05    1.74
  -6073.305     2.264    -0.93    1.67
  -5784.662     2.178    -0.30    1.62
  -5496.023     2.092    -0.30    1.56
  -5207.390     2.124     0.11    1.53
  -4918.762     1.885    -0.83    1.44
  -4630.139     1.786    -0.34    1.37
  -4341.522     2.046     0.90    1.46
  -4052.909     2.126     0.28    1.50
  -3764.302     2.451     1.13    1.70
  -3475.700     2.452     0.00    1.66
  -3186.557     2.160    -1.01    1.77
  -2896.840     1.938    -0.77    1.82
  -2607.129     1.736    -0.70    1.85
  -2317.423     1.472    -0.91    1.91
  -2027.722     1.015    -1.58    1.80
  -1738.026     0.602    -1.43    1.55
  -1448.336     0.353    -0.86    1.40
  -1158.651     0.080    -0.94    1.31
   -868.971    -0.098    -0.61    1.20
   -579.296     0.052     0.52    1.72
   -289.626     0.144     0.32    1.80
      0.038     0.091    -0.18    1.67
    289.697     0.219     0.44    1.78
    579.351     0.178    -0.14    1.56
    869.000     0.230     0.18    1.58
   1158.643     0.336     0.37    1.58
   1448.281     0.322    -0.05    1.35
   1737.915     0.454     0.46    1.36
   2027.542     0.632     0.61    1.55
   2317.165     0.670     0.13    1.47
   2606.783     0.656    -0.05    1.41
   2896.395     1.009     1.22    1.70
   3186.002     1.469     1.59    1.90
   3475.604     1.665     0.68    1.89
   3765.201     1.771     0.37    1.70
   4054.792     1.952     0.63    1.72
   4344.378     2.057     0.36    1.88
   4633.960     1.910    -0.51    1.95
   4923.535     1.619    -1.01    1.90
   5213.106     1.606    -0.05    2.07
   5502.672     1.592    -0.05    2.19
   5792.232     1.521    -0.25    2.18
   6081.787     1.434    -0.30    2.24
   6371.337     1.386    -0.17    2.11
   6660.882     1.402     0.06    2.06
   6950.422     1.385    -0.06    2.01
   7239.956     1.316    -0.24    2.05
   7529.486     1.334     0.06    2.03
   7819.010     1.238    -0.33    1.99
   8108.529     1.225    -0.05    1.98
   8398.042     1.419     0.67    1.88
   8687.551     1.802     1.32    2.23
   8977.054     1.988     0.64    1.96
   9266.553     1.969    -0.07    1.99
   9556.046     2.419     1.55    2.06
   9845.534     2.640     0.76    2.03
  10135.017     2.878     0.82    1.89
  10424.494     3.385     1.75    2.19
  10713.967     3.419     0.12    2.14
  11003.434     3.316    -0.36    2.30
  11292.896     3.189    -0.44    2.46
  11582.353     3.029    -0.55    2.46
  11871.805     3.255     0.78    2.45
  12161.251     3.247    -0.03    2.58
  12450.693     3.019    -0.79    2.38
  12740.129     2.918    -0.35    2.36
  13029.561     3.052     0.46    2.32
  13318.987     3.074     0.08    2.26
  13608.408     2.753    -1.11    2.16
  13897.823     2.402    -1.21    1.81
  14187.234     2.486     0.29    1.92
  14476.640     2.273    -0.73    1.77
  14766.040     2.355     0.28    1.81
  15055.435     2.452     0.34    2.04
  15344.825     2.436    -0.06    2.00
  15634.210     2.264    -0.59    1.85
  15923.590     2.354     0.31    1.94
  16212.965     2.136    -0.75    1.66
  16502.334     1.942    -0.67    1.69
  16791.699     1.819    -0.43    1.58
  17081.058     1.488    -1.14    1.51
  17370.412     1.656     0.58    1.94
  17659.761     2.092     1.50    2.22
  17949.105     2.271     0.62    2.24
  18238.444     2.764     1.70    2.42
  18527.778     3.606     2.91    2.52
  18817.106     3.730     0.43    2.52
  19106.430     3.724    -0.02    2.42
  19395.748     3.563    -0.56    2.49
  19685.061     3.233    -1.14    2.39
  19974.369     2.569    -2.29    2.21
  20263.672     1.946    -2.15    2.04
  20552.970     1.826    -0.42    1.98
  20842.263     1.786    -0.14    2.00
  21131.550     1.878     0.32    1.97
  21420.833     2.101     0.77    1.89
  21710.110     2.317     0.75    2.05
  21999.383     2.786     1.62    2.27
  22288.650     3.543     2.62    2.43
  22577.912     3.640     0.34    2.26
  22867.169     3.786     0.50    2.23
  23156.421     3.725    -0.21    2.20
  23445.668     3.928     0.70    2.17
  23734.910     3.350    -2.00    2.24
  24024.146     2.902    -1.55    2.05
  24313.378     2.454    -1.55    1.81
  24602.604     2.173    -0.97    1.68
  24891.826     1.868    -1.05    1.43
  25181.042     1.945     0.27    1.52
  25470.253     2.092     0.51    1.72
  25759.459     2.521     1.48    1.97
  26048.660     2.529     0.03    1.96
  26337.856     2.686     0.54    1.93
  26627.047     2.569    -0.40    1.92
  26916.233     2.419    -0.52    1.88
  27205.414     2.052    -1.27    1.80
  27494.590     1.673    -1.31    1.60
  27783.760     1.515    -0.55    1.43
  28072.926     1.676     0.56    1.72
  28362.086     1.919     0.84    1.87
  28651.241     2.213     1.02    2.23
  28940.392     2.736     1.81    2.71
  29229.537     3.238     1.74    2.91
  29518.677     3.552     1.09    2.87
  29807.812     3.779     0.79    2.84
  30096.942     3.758    -0.07    2.72
  30386.067     3.764     0.02    2.65
  30675.187     3.271    -1.71    2.72
  30964.302     2.453    -2.83    1.96
  31253.412     1.861    -2.05    1.54
  31542.516     1.799    -0.22    1.53
  31831.616     1.719    -0.28    1.65
  32120.711     1.644    -0.26    1.58
  32409.800     1.484    -0.55    1.45
  32698.885     1.196    -1.00    1.31
  32987.964     1.019    -0.61    1.15
  33277.039     1.386     1.27    1.64
  33566.108     1.775     1.35    1.95
  33855.172     2.352     2.00    2.11
  34144.232     2.799     1.54    2.26
  34433.286     2.886     0.30    2.29
  34722.335     2.992     0.37    2.33
  35011.379     2.928    -0.22    2.49
  35300.419     2.833    -0.33    2.45
  35589.453     2.753    -0.28    2.53
  35878.482     2.599    -0.53    2.59
  36167.506     2.336    -0.91    2.51
  36456.525     2.124    -0.73    2.24
  36745.539     2.036    -0.30    2.21
  37034.548     1.799    -0.82    1.96
  37323.552     1.769    -0.10    1.82
  37612.551     1.769     0.00    1.81
  37901.544     1.934     0.57    1.78
  38190.533     1.902    -0.11    1.70
  38479.517     1.802    -0.35    1.39
  38768.496     2.109     1.06    1.43
  39057.470     2.189     0.28    1.56
  39346.438     2.189     0.00    1.61
  39635.402     2.152    -0.13    1.59
  39924.361     1.869    -0.98    1.48
  40213.315     1.885     0.06    1.52
  40502.263     1.902     0.06    1.51
  40791.207     1.747    -0.54    1.36
  41080.146     1.799     0.18    1.51
  41369.080     1.877     0.27    1.50
  41658.008     1.945     0.23    1.49
  41946.932     1.954     0.03    1.48
  42235.851     1.999     0.15    1.45
  42524.764     1.902    -0.33    1.42
  42813.673     1.736    -0.58    1.43
  43102.577     1.577    -0.55    1.52
  43391.475     1.589     0.04    1.62
  43680.369     1.626     0.13    1.67
  43969.258     1.536    -0.31    1.67
  44258.141     1.402    -0.46    1.90
  44547.020     1.305    -0.33    1.98
  44835.894     1.282    -0.08    1.98
  45124.763     0.936    -1.20    1.66
  45413.626     1.195     0.90    1.82
  45702.485     1.124    -0.25    1.61
  45991.339     1.287     0.57    1.70
  46280.188     1.583     1.02    1.70
  46569.032     1.861     0.96    1.87
  46857.870     1.816    -0.16    1.87
  47146.704     1.652    -0.57    1.81
  47435.533     1.402    -0.87    1.71
  47724.357     1.225    -0.61    1.56
  48013.176     1.012    -0.74    1.45
  48301.990     0.686    -1.13    1.24
  48590.799     0.678    -0.03    1.20
  48879.603     0.747     0.24    1.29
  49168.402     0.854     0.37    1.30
  49457.196     0.836    -0.06    1.20
  49745.985     0.799    -0.13    1.14
  50034.769     0.718    -0.28    1.07
  50323.549     0.592    -0.44    1.02
  50612.323     0.469    -0.43    1.04
  50901.092     0.504     0.12    1.05
  51189.856     0.468    -0.13    1.05
  51478.616     0.488     0.07    1.06
  51767.370     1.086     2.07    1.64
  52056.120     1.178     0.32    1.84
  52344.864     1.271     0.32    1.85
  52633.604     1.269    -0.01    1.88
  52922.338     1.222    -0.16    1.91
  53211.068     1.042    -0.62    1.80
  53499.793     0.713    -1.14    1.59
  53788.512     0.319    -1.36    1.09
  54077.227     0.419     0.35    1.21
  54365.937     0.418    -0.00    1.18
  54654.642     0.368    -0.17    1.14
  54943.342     0.386     0.06    1.10
  55232.037     0.419     0.12    1.12
  55520.727     0.453     0.12    1.14
  55809.412     0.160    -1.01    0.82
  56098.092     0.552     1.36    1.58
  56386.768     0.580     0.09    1.67
  56675.438     0.964     1.33    1.83
  56964.104     1.299     1.16    1.91
  57252.764     1.284    -0.05    1.91
  57541.420     1.353     0.24    1.85
  57830.070     1.101    -0.87    1.65
  58118.716     0.730    -1.28    1.36
  58407.357     0.569    -0.56    1.18
  58695.993     1.144     1.99    2.21
  58984.823     1.302     0.55    2.36
  59274.519     1.402     0.35    2.42
  59564.210     1.789     1.34    2.40
  59853.896     1.976     0.64    2.46
  60143.577     2.282     1.05    2.50
  60433.253     1.952    -1.14    2.34
  60722.925     1.592    -1.24    2.13
  61012.591     1.550    -0.15    2.08
  61302.252     1.284    -0.92    1.95
  61591.909     0.902    -1.32    1.76
  61881.560     0.419    -1.67    1.24
  62171.207     0.186    -0.81    1.11
  62460.848     0.209     0.08    1.13
  62750.485     0.369     0.55    1.18
  63040.117     0.547     0.62    1.56
  63329.744     1.209     2.29    1.99
  63619.365     1.299     0.31    2.12
  63908.982     1.352     0.18    2.10
  64198.594     1.173    -0.62    2.14
  64488.201     1.189     0.06    2.15
  64777.803     1.023    -0.57    2.08
  65067.400     0.852    -0.59    2.13
  65356.993     1.051     0.69    2.20
  65646.580     1.209     0.54    2.14
  65936.162     1.269     0.21    1.98
  66225.740     1.467     0.68    1.93
  66515.312     1.419    -0.17    2.07
  66804.880     1.438     0.07    2.03
  67094.443     1.097    -1.18    1.71
  67384.000     0.902    -0.67    1.72
  67673.553     0.730    -0.59    1.66
  67963.101     0.334    -1.37    1.48
  68252.644     0.195    -0.48    1.15
  68542.182     0.230     0.12    1.37
  68831.716    -0.014    -0.84    1.43
  69121.244    -0.172    -0.54    1.40
  69410.767    -0.374    -0.70    1.73
  69700.286    -0.481    -0.37    1.76
  69989.799    -0.356     0.43    1.88
  70279.308    -0.242     0.40    1.80
  70568.812    -0.024     0.75    1.87
  70858.311    -0.014     0.03    1.95
  71147.805     0.080     0.32    1.78
  71437.294     0.472     1.36    1.65
  71726.778     0.752     0.97    1.83
  72016.257     0.956     0.70    1.79
  72305.732     0.918    -0.13    1.65
  72595.201     0.952     0.12    1.51
  72884.666     0.960     0.03    1.50
  73174.125     0.954    -0.02    1.58
  73463.580     0.806    -0.51    1.53
  73753.030     0.919     0.39    1.57
  74042.475     0.937     0.06    1.57
  74331.915     0.976     0.14    1.61
  74621.351     0.919    -0.20    1.61
  74910.781     1.057     0.48    1.37
  75200.206     1.006    -0.18    1.40
  75489.627     0.852    -0.53    1.29
  75779.043     0.757    -0.33    1.26
  76068.454     0.695    -0.21    1.14
  76357.860     0.501    -0.67    1.26
  76647.261     0.402    -0.34    1.23
  76936.657     0.267    -0.47    1.20
  77226.049     0.091    -0.61    1.06
  77515.435     0.317     0.78    1.19
  77804.817     0.353     0.12    1.18
  78094.194     0.297    -0.19    1.01
  78383.565     0.286    -0.04    1.08
  78672.933     0.402     0.40    1.15
  78962.295     0.287    -0.40    1.18
  79251.652     0.152    -0.47    1.14
  79541.005     0.052    -0.35    1.18
  79830.352    -0.167    -0.76    1.04
  80119.695    -0.411    -0.85    0.71
  80409.033    -0.450    -0.13    0.68
  80698.366    -0.598    -0.51    0.00
  80987.694    -0.598     0.00    0.00
  81277.018    -0.598     0.00    0.00
  81566.336    -0.598     0.00    0.00
  81855.650    -0.598     0.00    0.00
  82144.959    -0.598     0.00    0.00
  82434.263    -0.598     0.00    0.00
  82723.562    -0.598     0.00    0.00
  83012.856    -0.598     0.00    0.00
  83302.145    -0.598     0.00    0.00
  83591.430    -0.598     0.00    0.00
  83880.710    -0.598     0.00    0.00
  84169.985    -0.598     0.00    0.00
  84459.255    -0.598     0.00    0.00
  84748.520    -0.598     0.00    0.00
  85037.781    -0.598     0.00    0.00
  85327.036    -0.598     0.00    0.00
  85616.287    -0.598     0.00    0.00
  85905.533    -0.598     0.00    0.00
  86194.774    -0.598     0.00    0.00
  86484.011    -0.598     0.00    0.00
  86773.242    -0.598     0.00    0.00
  87062.469    -0.598     0.00    0.00
  87351.691    -0.598     0.00    0.00
  87640.908    -0.598     0.00    0.00
  87930.120    -0.598     0.00    0.00
  88219.327    -0.598     0.00    0.00
  88508.530    -0.598     0.00    0.00
  88797.728    -0.598     0.00    0.00
  89086.921    -0.598     0.00    0.00
  89376.109    -0.598     0.00    0.00
  89665.292    -0.598     0.00    0.00
  89954.471    -0.598     0.00    0.00
  90243.644    -0.598     0.00    0.00
  90532.813    -0.598     0.00    0.00
  90821.977    -0.598     0.00    0.00
  91111.137    -0.598     0.00    0.00
  91400.291    -0.598     0.00    0.00
  91689.441    -0.598     0.00    0.00
  91978.586    -0.598     0.00    0.00
  92267.726    -0.598     0.00    0.00
  92556.861    -0.598     0.00    0.00
  92845.992    -0.598     0.00    0.00
  93135.118    -0.598     0.00    0.00
  93424.239    -0.598     0.00    0.00
  93713.355    -0.598     0.00    0.00
  94002.466    -0.598     0.00    0.00
  94291.573    -0.598     0.00    0.00
  94580.675    -0.598     0.00    0.00
  94869.772    -0.598     0.00    0.00
  95158.864    -0.598     0.00    0.00
  95447.952    -0.598     0.00    0.00
  95737.034    -0.598     0.00    0.00
  96026.112    -0.598     0.00    0.00
  96315.185    -0.598     0.00    0.00
  96604.254    -0.598     0.00    0.00
  96893.317    -0.598     0.00    0.00
  97182.376    -0.598     0.00    0.00
  97471.430    -0.598     0.00    0.00
  97760.479    -0.598     0.00    0.00
  98049.524    -0.598     0.00    0.00
  98338.564    -0.598     0.00    0.00
  98627.599    -0.598     0.00    0.00
  98916.629    -0.598     0.00    0.00
  99205.654    -0.598     0.00    0.00
  99494.675    -0.598     0.00    0.00
  99783.691    -0.598     0.00    0.00
 100072.702    -0.598     0.00    0.00
 100361.709    -0.598     0.00    0.00
 100650.710    -0.598     0.00    0.00
 100939.707    -0.598     0.00    0.00
 101228.700    -0.598     0.00    0.00
 101517.687    -0.598     0.00    0.00
 101806.670    -0.598     0.00    0.00
 102095.648    -0.598     0.00    0.00
 102384.621    -0.598     0.00    0.00
 102673.589    -0.598     0.00    0.00
 102962.553    -0.598     0.00    0.00
 103251.512    -0.598     0.00    0.00
 103540.466    -0.598     0.00    0.00
 103829.416    -0.598     0.00    0.00
 104118.360    -0.598     0.00    0.00
 104407.300    -0.598     0.00    0.00
 104696.236    -0.598     0.00    0.00
 104985.166    -0.598     0.00    0.00
 105274.092    -0.598     0.00    0.00
 105563.013    -0.598     0.00    0.00
 105851.929    -0.598     0.00    0.00
 106140.841    -0.598     0.00    0.00
 106429.748    -0.598     0.00    0.00
 106718.650    -0.598     0.00    0.00
 107007.548    -0.598     0.00    0.00
 107296.440    -0.598     0.00    0.00
 107585.328    -0.598     0.00    0.00
 107874.212    -0.598     0.00    0.00
 108163.090    -0.598     0.00    0.00
 108451.964    -0.598     0.00    0.00
 108740.833    -0.598     0.00    0.00
 109029.698    -0.598     0.00    0.00
 109318.557    -0.598     0.00    0.00
 109607.412    -0.598     0.00    0.00
 109896.263    -0.598     0.00    0.00
 110185.108    -0.598     0.00    0.00
 110473.949    -0.598     0.00    0.00
 110762.785    -0.598     0.00    0.00
 111051.617    -0.598     0.00    0.00
 111340.444    -0.598     0.00    0.00
 111629.266    -0.598     0.00    0.00
 111918.083    -0.598     0.00    0.00
 112206.896    -0.598     0.00    0.00
 112495.704    -0.598     0.00    0.00
 112784.507    -0.598     0.00    0.00
 113073.306    -0.598     0.00    0.00
 113362.099    -0.598     0.00    0.00
 113650.889    -0.598     0.00    0.00
 113939.673    -0.598     0.00    0.00
 114228.453    -0.598     0.00    0.00
 114517.228    -0.598     0.00    0.00
 114805.999    -0.598     0.00    0.00
 115094.764    -0.598     0.00    0.00
 115383.526    -0.598     0.00    0.00
 115672.282    -0.598     0.00    0.00
 115961.034    -0.598     0.00    0.00
 116249.781    -0.598     0.00    0.00
 116538.523    -0.598     0.00    0.00
 116827.261    -0.598     0.00    0.00
 117115.994    -0.598     0.00    0.00
 117404.722    -0.598     0.00    0.00
 117693.446    -0.598     0.00    0.00
 117982.165    -0.598     0.00    0.00
 118270.879    -0.598     0.00    0.00
 118559.589    -0.598     0.00    0.00
 118848.294    -0.598     0.00    0.00
 119136.994    -0.598     0.00    0.00
 119425.690    -0.598     0.00    0.00
 119714.381    -0.598     0.00    0.00
 120003.067    -0.598     0.00    0.00
 120291.749    -0.598     0.00    0.00
 120580.426    -0.598     0.00    0.00
 120869.099    -0.598     0.00    0.00
 121157.766    -0.598     0.00    0.00
 121447.328    -0.598     0.00    0.00
 121736.996    -0.598     0.00    0.00
 122026.659    -0.598     0.00    0.00
 122316.317    -0.598     0.00    0.00
 122605.971    -0.598     0.00    0.00
 122895.620    -0.598     0.00    0.00
 123185.265    -0.598     0.00    0.00
 123474.904    -0.598     0.00    0.00
 123764.539    -0.598     0.00    0.00
 124054.170    -0.598     0.00    0.00
 124343.795    -0.598     0.00    0.00
 124633.416    -0.598     0.00    0.00
 124923.033    -0.598     0.00    0.00
 125212.644    -0.598     0.00    0.00
 125502.251    -0.598     0.00    0.00
 125791.854    -0.598     0.00    0.00
 126081.452    -0.598     0.00    0.00
 126371.045    -0.598     0.00    0.00
 126660.633    -0.598     0.00    0.00
 126950.217    -0.598     0.00    0.00
 127239.796    -0.598     0.00    0.00
 127529.370    -0.598     0.00    0.00
 127818.940    -0.598     0.00    0.00
 128108.505    -0.598     0.00    0.00
 128398.065    -0.598     0.00    0.00
 128687.621    -0.598     0.00    0.00
 128977.172    -0.598     0.00    0.00
 129266.718    -0.598     0.00    0.00
 129556.260    -0.598     0.00    0.00
 129845.797    -0.598     0.00    0.00
 130135.330    -0.598     0.00    0.00
 130424.858    -0.598     0.00    0.00
 130714.381    -0.598     0.00    0.00
 131003.900    -0.598     0.00    0.00
 131293.414    -0.598     0.00    0.00
 131582.923    -0.598     0.00    0.00
 131872.428    -0.598     0.00    0.00
 132161.928    -0.598     0.00    0.00
 132451.423    -0.598     0.00    0.00
 132740.914    -0.598     0.00    0.00
 133030.400    -0.598     0.00    0.00
 133319.881    -0.598     0.00    0.00
 133609.358    -0.598     0.00    0.00
 133898.830    -0.598     0.00    0.00
 134188.298    -0.598     0.00    0.00
 134477.761    -0.598     0.00    0.00
 134767.219    -0.598     0.00    0.00
 135056.673    -0.598     0.00    0.00
 135346.122    -0.598     0.00    0.00
 135635.567    -0.598     0.00    0.00
 135925.007    -0.598     0.00    0.00
 136214.442    -0.598     0.00    0.00
 136503.873    -0.598     0.00    0.00
 136793.299    -0.598     0.00    0.00
 137082.720    -0.598     0.00    0.00
 137372.137    -0.598     0.00    0.00
 137661.549    -0.598     0.00    0.00
 137950.957    -0.598     0.00    0.00
 138240.360    -0.598     0.00    0.00
 138529.758    -0.598     0.00    0.00
 138819.152    -0.598     0.00    0.00
 139108.541    -0.598     0.00    0.00
 139397.926    -0.598     0.00    0.00
 139687.305    -0.598     0.00    0.00
 139976.681    -0.598     0.00    0.00
 140266.052    -0.598     0.00    0.00
 140555.418    -0.598     0.00    0.00
 140844.779    -0.598     0.00    0.00
 141134.136    -0.598     0.00    0.00
 141423.489    -0.598     0.00    0.00
 141712.837    -0.598     0.00    0.00
 142002.180    -0.598     0.00    0.00
 142291.519    -0.598     0.00    0.00
 142580.853    -0.598     0.00    0.00
 142870.182    -0.598     0.00    0.00
 143159.507    -0.598     0.00    0.00
 143448.827    -0.598     0.00    0.00
 143738.143    -0.598     0.00    0.00
 144027.454    -0.598     0.00    0.00
 144316.761    -0.598     0.00    0.00
 144606.063    -0.598     0.00    0.00
 144895.360    -0.598     0.00    0.00
 145184.653    -0.598     0.00    0.00
 145473.941    -0.598     0.00    0.00
 145763.225    -0.598     0.00    0.00
 146052.504    -0.598     0.00    0.00
 146341.779    -0.598     0.00    0.00
 146631.049    -0.598     0.00    0.00
 146920.314    -0.598     0.00    0.00
 147209.575    -0.598     0.00    0.00
 147498.831    -0.598     0.00    0.00
 147788.083    -0.598     0.00    0.00
 148077.330    -0.598     0.00    0.00
 148366.573    -0.598     0.00    0.00
 148655.811    -0.598     0.00    0.00
 148945.045    -0.598     0.00    0.00
 149234.274    -0.598     0.00    0.00
 149523.498    -0.598     0.00    0.00
 149812.718    -0.598     0.00    0.00
 150101.933    -0.598     0.00    0.00
 150391.144    -0.598     0.00    0.00
 150680.350    -0.598     0.00    0.00
 150969.552    -0.598     0.00    0.00
 151258.749    -0.598     0.00    0.00
 151547.942    -0.598     0.00    0.00
 151837.130    -0.598     0.00    0.00
 152126.314    -0.598     0.00    0.00
 152415.493    -0.598     0.00    0.00
 152704.667    -0.598     0.00    0.00
 152993.837    -0.598     0.00    0.00
 153283.002    -0.598     0.00    0.00
 153572.163    -0.598     0.00    0.00
 153861.320    -0.598     0.00    0.00
 154150.471    -0.598     0.00    0.00
 154439.619    -0.598     0.00    0.00
 154728.761    -0.598     0.00    0.00
 155017.900    -0.598     0.00    0.00
 155307.033    -0.598     0.00    0.00
 155596.162    -0.598     0.00    0.00
 155885.287    -0.598     0.00    0.00
 156174.407    -0.598     0.00    0.00
 156463.523    -0.598     0.00    0.00
 156752.634    -0.598     0.00    0.00
 157041.741    -0.598     0.00    0.00
 157330.843    -0.598     0.00    0.00
 157619.940    -0.598     0.00    0.00
 157909.033    -0.598     0.00    0.00
 158198.122    -0.598     0.00    0.00
 158487.206    -0.598     0.00    0.00
 158776.285    -0.598     0.00    0.00
 159065.360    -0.598     0.00    0.00
 159354.431    -0.598     0.00    0.00
 159643.497    -0.598     0.00    0.00
 159932.558    -0.598     0.00    0.00
 160221.616    -0.598     0.00    0.00
 160510.668    -0.598     0.00    0.00
 160799.716    -0.598     0.00    0.00
 161088.760    -0.598     0.00    0.00
 161377.799    -0.598     0.00    0.00
 161666.833    -0.598     0.00    0.00
 161955.863    -0.598     0.00    0.00
 162244.889    -0.598     0.00    0.00
 162533.910    -0.598     0.00    0.00
 162822.926    -0.598     0.00    0.00
 163111.939    -0.598     0.00    0.00
 163400.946    -0.598     0.00    0.00
 163689.949    -0.598     0.00    0.00
 163978.948    -0.598     0.00    0.00
 164267.942    -0.598     0.00    0.00
 164556.932    -0.598     0.00    0.00
 164845.917    -0.598     0.00    0.00
 165134.898    -0.598     0.00    0.00
 165423.874    -0.598     0.00    0.00
 165712.846    -0.598     0.00    0.00
 166001.813    -0.598     0.00    0.00
 166290.776    -0.598     0.00    0.00
 166579.734    -0.598     0.00    0.00
 166868.688    -0.598     0.00    0.00
 167157.638    -0.598     0.00    0.00
 167446.583    -0.598     0.00    0.00
 167735.523    -0.598     0.00    0.00
 168024.459    -0.598     0.00    0.00
 168313.391    -0.598     0.00    0.00
 168602.318    -0.598     0.00    0.00
 168891.241    -0.598     0.00    0.00
 169180.159    -0.598     0.00    0.00
 169469.073    -0.598     0.00    0.00
 169757.982    -0.598     0.00    0.00
 170046.887    -0.598     0.00    0.00
 170335.788    -0.598     0.00    0.00
 170624.684    -0.598     0.00    0.00
 170913.575    -0.598     0.00    0.00
 171202.462    -0.598     0.00    0.00
 171491.345    -0.598     0.00    0.00
 171780.223    -0.598     0.00    0.00
 172069.097    -0.598     0.00    0.00
 172357.966    -0.598     0.00    0.00
 172646.831    -0.598     0.00    0.00
 172935.691    -0.598     0.00    0.00
 173224.547    -0.598     0.00    0.00
 173513.399    -0.598     0.00    0.00
 173802.246    -0.598     0.00    0.00
 174091.089    -0.598     0.00    0.00
 174379.927    -0.598     0.00    0.00
 174668.761    -0.598     0.00    0.00
 174957.590    -0.598     0.00    0.00
 175246.415    -0.598     0.00    0.00
 175535.236    -0.598     0.00    0.00
 175824.052    -0.598     0.00    0.00
 176112.864    -0.598     0.00    0.00
 176401.671    -0.598     0.00    0.00
 176690.474    -0.598     0.00    0.00
 176979.272    -0.598     0.00    0.00
 177268.066    -0.598     0.00    0.00
 177556.856    -0.598     0.00    0.00
 177845.641    -0.598     0.00    0.00
 178134.422    -0.598     0.00    0.00
 178423.198    -0.598     0.00    0.00
 178711.970    -0.598     0.00    0.00
 179000.738    -0.598     0.00    0.00
 179289.501    -0.598     0.00    0.00
 179578.260    -0.598     0.00    0.00
 179867.014    -0.598     0.00    0.00
 180155.764    -0.598     0.00    0.00
 180444.509    -0.598     0.00    0.00
 180733.251    -0.598     0.00    0.00
 181021.987    -0.598     0.00    0.00
 181310.720    -0.598     0.00    0.00
 181599.448    -0.598     0.00    0.00
 181888.171    -0.598     0.00    0.00
 182176.890    -0.598     0.00    0.00
 182465.605    -0.598     0.00    0.00
 182754.316    -0.598     0.00    0.00
 183043.022    -0.598     0.00    0.00
 183331.723    -0.598     0.00    0.00
 183620.989    -0.598     0.00    0.00
 183910.635    -0.598     0.00    0.00
 184200.277    -0.598     0.00    0.00
 184489.914    -0.598     0.00    0.00
 184779.547    -0.598     0.00    0.00
 185069.176    -0.598     0.00    0.00
 185358.800    -0.598     0.00    0.00
 185648.420    -0.598     0.00    0.00
 185938.036    -0.598     0.00    0.00
 186227.647    -0.598     0.00    0.00
 186517.253    -0.598     0.00    0.00
 186806.856    -0.598     0.00    0.00
 187096.453    -0.598     0.00    0.00
 187386.047    -0.598     0.00    0.00
 187675.636    -0.598     0.00    0.00
 187965.221    -0.598     0.00    0.00
 188254.801    -0.598     0.00    0.00
 188544.377    -0.598     0.00    0.00
 188833.948    -0.598     0.00    0.00
 189123.515    -0.598     0.00    0.00
 189413.078    -0.598     0.00    0.00
 189702.636    -0.598     0.00    0.00
 189992.190    -0.598     0.00    0.00
 190281.740    -0.598     0.00    0.00
 190571.285    -0.598     0.00    0.00
 190860.826    -0.598     0.00    0.00
 191150.362    -0.598     0.00    0.00
 191439.894    -0.598     0.00    0.00
 191729.421    -0.598     0.00    0.00
 192018.945    -0.598     0.00    0.00
 192308.464    -0.598     0.00    0.00
 192597.978    -0.598     0.00    0.00
 192887.488    -0.598     0.00    0.00
 193176.994    -0.598     0.00    0.00
 193466.495    -0.598     0.00    0.00
 193755.992    -0.598     0.00    0.00
 194045.485    -0.598     0.00    0.00
 194334.973    -0.598     0.00    0.00
 194624.457    -0.598     0.00    0.00
 194913.936    -0.598     0.00    0.00
 195203.412    -0.598     0.00    0.00
 195492.882    -0.598     0.00    0.00
 195782.349    -0.598     0.00    0.00
 196071.811    -0.598     0.00    0.00
 196361.269    -0.598     0.00    0.00
 196650.722    -0.598     0.00    0.00
 196940.171    -0.598     0.00    0.00
 197229.616    -0.598     0.00    0.00
 197519.056    -0.598     0.00    0.00
 197808.492    -0.598     0.00    0.00
 198097.924    -0.598     0.00    0.00
 198387.351    -0.598     0.00    0.00
 198676.774    -0.598     0.00    0.00
 198966.192    -0.598     0.00    0.00
 199255.607    -0.598     0.00    0.00
 199545.017    -0.598     0.00    0.00
 199834.422    -0.598     0.00    0.00
 200123.823    -0.598     0.00    0.00
 200413.220    -0.598     0.00    0.00
 200702.613    -0.598     0.00    0.00
 200992.001    -0.598     0.00    0.00
 201281.385    -0.598     0.00    0.00
 201570.764    -0.598     0.00    0.00
 201860.140    -0.598     0.00    0.00
 202149.510    -0.598     0.00    0.00
 202438.877    -0.598     0.00    0.00
 202728.239    -0.598     0.00    0.00
 203017.597    -0.598     0.00    0.00
 203306.951    -0.598     0.00    0.00
 203596.300    -0.598     0.00    0.00
 203885.645    -0.598     0.00    0.00
 204174.985    -0.598     0.00    0.00
 204464.322    -0.598     0.00    0.00
 204753.654    -0.598     0.00    0.00
 205042.981    -0.598     0.00    0.00
 205332.305    -0.598     0.00    0.00
 205621.624    -0.598     0.00    0.00
 205910.939    -0.598     0.00    0.00
 206200.249    -0.598     0.00    0.00
 206489.555    -0.598     0.00    0.00
 206778.857    -0.598     0.00    0.00
 207068.154    -0.598     0.00    0.00
 207357.448    -0.598     0.00    0.00
 207646.737    -0.598     0.00    0.00
 207936.021    -0.598     0.00    0.00
 208225.301    -0.598     0.00    0.00
 208514.577    -0.598     0.00    0.00
 208803.849    -0.598     0.00    0.00
 209093.117    -0.598     0.00    0.00
 209382.380    -0.598     0.00    0.00
 209671.638    -0.598     0.00    0.00
 209960.893    -0.598     0.00    0.00
 210250.143    -0.598     0.00    0.00
 210539.389    -0.598     0.00    0.00
 210828.631    -0.598     0.00    0.00
 211117.868    -0.598     0.00    0.00
 211407.101    -0.598     0.00    0.00
 211696.330    -0.598     0.00    0.00
 211985.555    -0.598     0.00    0.00
 212274.775    -0.598     0.00    0.00
 212563.991    -0.598     0.00    0.00
 212853.203    -0.598     0.00    0.00
 213142.410    -0.598     0.00    0.00
 213431.613    -0.598     0.00    0.00
 213720.812    -0.598     0.00    0.00
 214010.007    -0.598     0.00    0.00
 214299.197    -0.598     0.00    0.00
 214588.383    -0.598     0.00    0.00
 214877.565    -0.598     0.00    0.00
 215166.742    -0.598     0.00    0.00
 215455.915    -0.598     0.00    0.00
 215745.084    -0.598     0.00    0.00
 216034.249    -0.598     0.00    0.00
 216323.410    -0.598     0.00    0.00
 216612.566    -0.598     0.00    0.00
 216901.718    -0.598     0.00    0.00
 217190.866    -0.598     0.00    0.00
 217480.009    -0.598     0.00    0.00
 217769.148    -0.598     0.00    0.00
 218058.283    -0.598     0.00    0.00
 218347.414    -0.598     0.00    0.00
 218636.540    -0.598     0.00    0.00
 218925.662    -0.598     0.00    0.00
 219214.780    -0.598     0.00    0.00
 219503.894    -0.598     0.00    0.00
 219793.003    -0.598     0.00    0.00
 220082.109    -0.598     0.00    0.00
 220371.210    -0.598     0.00    0.00
 220660.306    -0.598     0.00    0.00
 220949.399    -0.598     0.00    0.00
 221238.487    -0.598     0.00    0.00
 221527.571    -0.598     0.00    0.00
 221816.651    -0.598     0.00    0.00
 222105.726    -0.598     0.00    0.00
 222394.798    -0.598     0.00    0.00
 222683.865    -0.598     0.00    0.00
 222972.928    -0.598     0.00    0.00
 223261.986    -0.598     0.00    0.00
 223551.041    -0.598     0.00    0.00
 223840.091    -0.598     0.00    0.00
 224129.137    -0.598     0.00    0.00
 224418.179    -0.598     0.00    0.00
 224707.216    -0.598     0.00    0.00
 224996.249    -0.598     0.00    0.00
 225285.279    -0.598     0.00    0.00
 225574.303    -0.598     0.00    0.00
 225863.324    -0.598     0.00    0.00
 226152.340    -0.598     0.00    0.00
 226441.353    -0.598     0.00    0.00
 226730.361    -0.598     0.00    0.00
 227019.365    -0.598     0.00    0.00
 227308.364    -0.598     0.00    0.00
 227597.360    -0.598     0.00    0.00
 227886.351    -0.598     0.00    0.00
 228175.338    -0.598     0.00    0.00
 228464.320    -0.598     0.00    0.00
 228753.299    -0.598     0.00    0.00
 229042.273    -0.598     0.00    0.00
 229331.244    -0.598     0.00    0.00
 229620.210    -0.598     0.00    0.00
 229909.171    -0.598     0.00    0.00
 230198.129    -0.598     0.00    0.00
 230487.082    -0.598     0.00    0.00
 230776.032    -0.598     0.00    0.00
 231064.977    -0.598     0.00    0.00
 231353.917    -0.598     0.00    0.00
 231642.854    -0.598     0.00    0.00
 231931.786    -0.598     0.00    0.00
 232220.715    -0.598     0.00    0.00
 232509.639    -0.598     0.00    0.00
 232798.559    -0.598     0.00    0.00
 233087.474    -0.598     0.00    0.00
 233376.386    -0.598     0.00    0.00
 233665.293    -0.598     0.00    0.00
 233954.197    -0.598     0.00    0.00
 234243.096    -0.598     0.00    0.00
 234531.990    -0.598     0.00    0.00
 234820.881    -0.598     0.00    0.00
 235109.768    -0.598     0.00    0.00
 235398.650    -0.598     0.00    0.00
 235687.528    -0.598     0.00    0.00
 235976.402    -0.598     0.00    0.00
 236265.272    -0.598     0.00    0.00
 236554.138    -0.598     0.00    0.00
 236842.999    -0.598     0.00    0.00
 237131.856    -0.598     0.00    0.00
 237420.710    -0.598     0.00    0.00
 237709.559    -0.598     0.00    0.00
 237998.404    -0.598     0.00    0.00
 238287.244    -0.598     0.00    0.00
 238576.081    -0.598     0.00    0.00
 238864.913    -0.598     0.00    0.00
 239153.741    -0.598     0.00    0.00
 239442.566    -0.598     0.00    0.00
 239731.386    -0.598     0.00    0.00
 240020.201    -0.598     0.00    0.00
 240309.013    -0.598     0.00    0.00
 240597.821    -0.598     0.00    0.00
 240886.624    -0.598     0.00    0.00
 241175.423    -0.598     0.00    0.00
 241464.218    -0.598     0.00    0.00
 241753.009    -0.598     0.00    0.00
 242041.796    -0.598     0.00    0.00
 242330.579    -0.598     0.00    0.00
 242619.357    -0.598     0.00    0.00
 242908.132    -0.598     0.00    0.00
 243196.902    -0.598     0.00    0.00
 243485.668    -0.598     0.00    0.00
 243774.430    -0.598     0.00    0.00
 244063.188    -0.598     0.00    0.00
 244351.942    -0.598     0.00    0.00
 244640.691    -0.598     0.00    0.00
 244929.437    -0.598     0.00    0.00
 245218.178    -0.598     0.00    0.00
 245506.916    -0.598     0.00    0.00
 245795.921    -0.598     0.00    0.00
 246085.545    -0.598     0.00    0.00
 246375.165    -0.598     0.00    0.00
 246664.780    -0.598     0.00    0.00
 246954.391    -0.598     0.00    0.00
 247243.999    -0.598     0.00    0.00
 247533.602    -0.598     0.00    0.00
 247823.201    -0.598     0.00    0.00
 248112.795    -0.598     0.00    0.00
 248402.386    -0.598     0.00    0.00
 248691.972    -0.598     0.00    0.00
 248981.555    -0.598     0.00    0.00
 249271.133    -0.598     0.00    0.00
 249560.707    -0.598     0.00    0.00
 249850.277    -0.598     0.00    0.00
 250139.843    -0.598     0.00    0.00
 250429.405    -0.598     0.00    0.00
 250718.962    -0.598     0.00    0.00
 251008.516    -0.598     0.00    0.00
 251298.065    -0.598     0.00    0.00
 251587.610    -0.598     0.00    0.00
 251877.151    -0.598     0.00    0.00
 252166.688    -0.598     0.00    0.00
 252456.221    -0.598     0.00    0.00
 252745.750    -0.598     0.00    0.00
 253035.275    -0.598     0.00    0.00
 253324.795    -0.598     0.00    0.00
 253614.312    -0.598     0.00    0.00
 253903.824    -0.598     0.00    0.00
 254193.332    -0.598     0.00    0.00
 254482.836    -0.598     0.00    0.00
 254772.336    -0.598     0.00    0.00
 255061.832    -0.598     0.00    0.00
 255351.324    -0.598     0.00    0.00
 255640.811    -0.598     0.00    0.00
 255930.295    -0.598     0.00    0.00
 256219.775    -0.598     0.00    0.00
 256509.250    -0.598     0.00    0.00
 256798.721    -0.598     0.00    0.00
 257088.188    -0.598     0.00    0.00
 257377.651    -0.598     0.00    0.00
 257667.110    -0.598     0.00    0.00
 257956.565    -0.598     0.00    0.00
 258246.016    -0.598     0.00    0.00
 258535.463    -0.598     0.00    0.00
 258824.906    -0.598     0.00    0.00
 259114.344    -0.598     0.00    0.00
 259403.779    -0.598     0.00    0.00
 259693.209    -0.598     0.00    0.00
 259982.635    -0.598     0.00    0.00
 260272.058    -0.598     0.00    0.00
