-235206.970    68.227     0.00    5.19
-234918.405    67.923    -1.05    5.13
-234629.848    66.854    -3.71    5.66
-234341.297    66.315    -1.87    6.03
-234052.753    66.171    -0.50    6.19
-233764.217    66.306     0.47    6.92
-233475.687    65.927    -1.31    7.08
-233187.165    64.492    -4.98    7.28
-232898.649    63.471    -3.54    7.72
-232610.141    63.015    -1.58    8.67
-232321.640    62.040    -3.38    8.26
-232033.146    60.241    -6.24    6.86
-231744.659    58.560    -5.83    5.50
-231456.179    56.833    -5.99    3.95
-231167.706    56.681    -0.53    3.80
-230879.240    56.165    -1.79    3.88
-230590.781    56.024    -0.49    3.60
-230302.329    55.895    -0.45    3.40
-230013.884    56.481     2.03    3.26
-229725.447    56.946     1.61    3.08
-229437.016    57.431     1.68    2.83
-229148.592    57.498     0.23    2.75
-228860.176    57.273    -0.78    2.92
-228571.766    56.585    -2.38    3.20
-228283.364    55.934    -2.26    2.81
-227994.968    55.733    -0.70    2.99
-227706.580    55.931     0.69    3.41
-227418.198    56.248     1.10    3.74
-227129.824    56.105    -0.50    3.82
-226841.457    55.750    -1.23    3.94
-226553.096    55.068    -2.36    4.88
-226264.743    54.374    -2.41    5.80
-225976.397    52.965    -4.89    5.97
-225688.058    52.281    -2.37    5.63
-225398.708    52.267    -0.05    5.19
-225108.856    52.388     0.42    5.31
-224819.012    52.943     1.92    5.51
-224529.176    54.165     4.21    4.83
-224239.346    55.126     3.32    3.53
-223949.523    54.995    -0.45    3.66
-223659.707    54.470    -1.81    3.81
-223369.899    53.052    -4.89    4.49
-223080.097    51.595    -5.03    4.90
-222790.303    50.631    -3.32    5.05
-222500.516    50.715     0.29    4.64
-222210.736    50.208    -1.75    4.90
-221920.962    49.798    -1.41    5.17
-221631.197    49.925     0.44    5.19
-221341.438    49.978     0.18    5.12
-221051.686    49.005    -3.36    5.26
-220761.941    48.018    -3.41    5.17
-220472.203    47.683    -1.16    4.74
-220182.473    47.322    -1.25    4.47
-219892.749    46.476    -2.92    3.97
-219603.033    46.192    -0.98    3.87
-219313.324    46.415     0.77    4.35
-219023.621    46.781     1.27    4.28
-218733.926    46.421    -1.24    3.91
-218444.238    46.544     0.42    4.48
-218154.557    47.314     2.66    5.12
-217864.883    47.415     0.35    5.29
-217575.216    48.215     2.76    5.30
-217285.556    49.103     3.07    5.54
-216995.903    50.169     3.68    5.41
-216706.257    50.281     0.39    4.95
-216416.619    50.782     1.73    4.28
-216126.987    51.917     3.92    3.99
-215837.363    52.881     3.33    3.99
-215547.745    53.995     3.84    3.33
-215258.135    54.322     1.13    3.44
-214968.531    54.338     0.05    3.47
-214678.935    54.290    -0.17    2.98
-214389.345    54.681     1.35    3.05
-214099.763    54.696     0.05    3.30
-213810.188    55.536     2.90    3.67
-213520.620    56.665     3.90    4.19
-213231.058    57.862     4.13    4.10
-212941.504    59.481     5.59    4.00
-212651.957    61.081     5.53    3.98
-212362.417    62.365     4.43    3.79
-212072.884    63.621     4.34    3.66
-211783.358    64.459     2.90    3.73
-211493.839    65.831     4.74    3.91
-211204.327    67.208     4.76    3.58
-210914.822    68.515     4.51    4.31
-210625.324    69.298     2.71    4.73
-210335.834    72.039     9.47    7.66
-210046.350    78.211    21.32   18.23
-209756.873    91.060    44.39   37.04
-209467.403   114.115    79.65   66.59
-209177.940   151.781   130.14  105.78
-208888.485   198.995   163.13  131.75
-208599.036   235.544   126.28  128.83
-208309.594   255.615    69.35  117.55
-208020.159   267.798    42.10  112.40
-207730.732   261.764   -20.85  112.36
-207441.311   236.415   -87.59  119.31
-207151.897   193.731  -147.50  123.28
-206862.491   154.179  -136.68  102.65
-206573.091   120.880  -115.07   72.64
-206283.698    97.653   -80.27   44.07
-205994.313    82.367   -52.83   13.20
-205704.934    79.498    -9.92    6.67
-205415.562    78.959    -1.86    6.38
-205126.197    78.998     0.13    6.38
-204836.840    80.330     4.60    8.31
-204547.489    84.091    13.00   18.79
-204258.145   103.998    68.81   54.88
-203968.809   126.131    76.50   78.34
-203679.479   158.137   110.63  101.78
-203390.156   190.959   113.46  113.94
-203100.840   228.959   131.36  127.60
-202811.531   247.667    64.67  125.56
-202522.230   265.747    62.50  121.08
-202232.935   257.831   -27.36  125.82
-201943.647   250.626   -24.91  121.49
-201654.366   243.077   -26.10  118.59
-201365.092   231.340   -40.58  105.16
-201075.825   227.561   -13.07   83.96
-200786.565   232.729    17.87   80.19
-200497.312   251.995    66.61   77.75
-200208.066   256.782    16.55   78.07
-199918.827   249.782   -24.20   81.89
-199629.595   239.044   -37.13   89.29
-199340.370   218.544   -70.89   99.66
-199051.152   191.331   -94.10   99.16
-198761.940   153.436  -131.04   85.51
-198472.736   125.653   -96.08   63.61
-198183.539   107.248   -63.65   40.35
-197894.348    94.830   -42.94   22.76
-197605.165    88.578   -21.62   10.72
-197315.989    86.074    -8.66    4.38
-197026.819    84.927    -3.97    3.43
-196737.657    84.231    -2.41    3.00
-196448.501    84.052    -0.62    2.93
-196159.352    83.712    -1.18    2.62
-195870.211    83.648    -0.22    3.21
-195581.076    83.798     0.52    3.11
-195291.948    84.234     1.51    3.08
-195002.827    84.765     1.84    3.23
-194713.713    86.020     4.34    4.18
-194424.606    88.552     8.76    5.86
-194135.506    90.471     6.64    6.03
-193846.413    92.476     6.94    7.61
-193557.327    92.340    -0.47    5.85
-193268.247    92.492     0.52    5.91
-192979.175    91.419    -3.71    5.66
-192690.109    90.011    -4.87    5.14
-192401.051    88.667    -4.65    4.19
-192111.999    87.510    -4.00    3.69
-191822.955    86.896    -2.12    3.72
-191533.917    86.470    -1.47    3.54
-191244.886    86.363    -0.37    3.78
-190955.862    86.098    -0.92    3.65
-190666.845    86.181     0.29    3.62
-190377.835    86.131    -0.17    3.77
-190088.832    85.829    -1.05    4.45
-189799.835    84.965    -2.99    5.75
-189510.846    83.290    -5.80    6.53
-189221.864    81.748    -5.34    7.29
-188932.888    80.143    -5.56    7.33
-188643.919    78.060    -7.21    6.75
-188354.958    76.020    -7.06    5.33
-188066.003    74.427    -5.51    3.73
-187777.055    73.898    -1.83    3.22
-187488.114    73.781    -0.40    3.36
-187199.179    73.531    -0.87    3.20
-186910.252    73.601     0.24    3.20
-186621.332    74.188     2.03    2.88
-186332.418    74.608     1.45    2.83
-186043.512    74.503    -0.36    3.21
-185754.612    75.212     2.45    3.69
-185465.719    75.539     1.13    4.17
-185176.833    76.290     2.60    4.47
-184887.954    76.329     0.14    4.19
-184599.082    76.448     0.41    3.88
-184310.217    76.519     0.25    3.38
-184021.358    76.527     0.03    3.11
-183732.507    77.198     2.32    3.59
-183443.662    77.552     1.23    3.48
-183154.824    77.401    -0.52    3.63
-182865.993    77.306    -0.33    3.24
-182577.169    77.198    -0.37    3.05
-182288.352    77.340     0.49    2.88
-181999.542    77.415     0.26    2.93
-181710.738    77.911     1.72    2.99
-181421.941    78.715     2.78    3.22
-181133.152    80.243     5.29    4.09
-180844.369    81.798     5.39    4.11
-180555.593    83.398     5.54    3.42
-180266.824    83.965     1.96    3.37
-179978.061    84.911     3.28    3.62
-179689.306    86.121     4.19    3.89
-179400.557    87.175     3.65    3.98
-179111.816    87.881     2.45    4.77
-178823.081    89.631     6.06    5.22
-178534.353    91.848     7.68    6.12
-178245.631    94.798    10.22    7.46
-177956.917    97.449     9.18    8.59
-177668.209    99.256     6.26    8.04
-177379.509   101.165     6.61    7.01
-177090.815   102.971     6.26    6.41
-176802.128   104.065     3.79    6.15
-176513.448   103.497    -1.97    6.33
-176224.774   102.126    -4.75    6.39
-175936.108    99.814    -8.01    6.85
-175647.448    97.605    -7.65    7.50
-175358.795    94.681   -10.13    6.99
-175070.149    92.057    -9.09    6.48
-174781.510    89.121   -10.17    6.86
-174492.878    87.072    -7.10    6.23
-174204.252    84.443    -9.11    5.80
-173915.633    82.181    -7.84    5.75
-173627.022    79.988    -7.60    6.58
-173338.416    77.731    -7.82    6.07
-173049.818    76.646    -3.76    5.82
-172761.227    75.946    -2.43    5.93
-172472.642    74.746    -4.16    4.82
-172184.064    75.015     0.93    5.28
-171895.493    75.781     2.66    5.94
-171606.929    77.569     6.19    6.33
-171318.372    79.290     5.97    6.22
-171029.821    81.895     9.03    8.56
-170741.277    85.749    13.36   11.72
-170452.740    90.431    16.23   12.90
-170164.210    93.348    10.11   12.34
-169875.687    94.884     5.32   11.67
-169587.170    95.653     2.66   11.67
-169298.660    94.831    -2.85   11.97
-169010.157    91.782   -10.57   11.43
-168721.661    87.948   -13.29    8.47
-168433.172    86.505    -5.00    6.67
-168144.689    85.618    -3.08    5.26
-167856.213    85.257    -1.25    3.93
-167567.744    85.560     1.05    3.85
-167279.282    85.919     1.24    4.07
-166990.826    87.131     4.20    5.73
-166702.378    89.137     6.95    6.88
-166413.936    90.306     4.05    7.28
-166125.501    91.931     5.63    7.82
-165837.072    92.131     0.69    7.97
-165548.651    93.169     3.60    7.99
-165260.236    94.764     5.53    7.52
-164971.828    95.324     1.94    6.46
-164683.427    94.981    -1.19    5.62
-164395.032    94.750    -0.80    4.59
-164106.644    94.902     0.53    4.23
-163818.263    95.159     0.89    4.93
-163529.889    95.465     1.06    5.59
-163241.017    96.595     3.91    6.01
-162951.183    99.995    11.73    8.50
-162661.356   105.814    20.08   17.45
-162371.537   115.512    33.47   34.28
-162081.723   127.181    40.27   53.07
-161791.917   142.015    51.19   66.25
-161502.118   147.360    18.44   69.96
-161212.325   148.844     5.12   68.16
-160922.539   140.631   -28.34   55.64
-160632.760   135.137   -18.96   48.86
-160342.988   129.115   -20.78   43.41
-160053.223   119.608   -32.81   34.11
-159763.464   113.946   -19.54   24.92
-159473.713   107.519   -22.18   18.22
-159183.968   103.052   -15.42   14.56
-158894.230   100.120   -10.12   12.25
-158604.498    98.198    -6.63   10.70
-158314.774    95.898    -7.94   10.05
-158025.056    93.306    -8.95    9.48
-157735.346    89.931   -11.65    9.57
-157445.642    87.370    -8.84    9.52
-157155.944    85.946    -4.92    9.74
-156866.254    83.246    -9.32    9.39
-156576.571    81.459    -6.17    6.91
-156286.894    78.815    -9.13    5.00
-155997.224    76.750    -7.13    4.87
-155707.561    74.712    -7.04    5.09
-155417.904    72.241    -8.53    4.54
-155128.255    70.798    -4.98    4.11
-154838.612    69.561    -4.27    3.44
-154548.976    68.831    -2.52    3.11
-154259.347    68.290    -1.87    3.06
-153969.724    68.121    -0.58    3.27
-153680.109    68.215     0.32    3.42
-153390.500    67.848    -1.27    3.61
-153100.898    67.057    -2.73    4.06
-152811.303    66.798    -0.89    4.11
-152521.714    66.498    -1.04    3.96
-152232.132    65.863    -2.19    3.45
-151942.557    65.581    -0.97    3.38
-151652.989    65.985     1.39    3.67
-151363.428    66.131     0.51    3.69
-151073.873    67.084     3.29    3.55
-150784.326    67.893     2.80    4.27
-150494.784    69.115     4.22    5.51
-150205.250    72.148    10.48    7.94
-149915.723    75.729    12.37    9.08
-149626.202    78.028     7.94    8.95
-149336.688    80.331     7.96    9.29
-149047.181    82.147     6.27    9.61
-148757.680    83.215     3.69   10.09
-148468.187    84.298     3.74   10.46
-148178.700    84.048    -0.86   10.46
-147889.219    86.913     9.90    9.02
-147599.746    88.735     6.29    8.46
-147310.279    91.039     7.96    8.14
-147020.819    94.515    12.01    7.37
-146731.366    97.198     9.27    8.66
-146441.920    99.915     9.39    9.55
-146152.480   102.131     7.66   10.14
-145863.047   104.411     7.88   10.89
-145573.621   106.492     7.19   10.93
-145284.201   108.765     7.85   11.30
-144994.789   108.831     0.23   11.60
-144705.383   109.231     1.38   11.57
-144415.984   108.572    -2.28   11.96
-144126.591   108.348    -0.77   11.89
-143837.205   107.306    -3.60   11.27
-143547.826   105.548    -6.08   11.34
-143258.454   102.052   -12.08   11.93
-142969.088    97.503   -15.72   13.08
-142679.730    95.211    -7.92   12.51
-142390.377    93.766    -4.99   12.50
-142101.032    92.093    -5.78   13.50
-141811.693    91.131    -3.32   13.97
-141522.361    90.988    -0.50   14.75
-141233.036    90.669    -1.10   16.40
-140943.718    90.470    -0.69   16.92
-140654.406    91.169     2.42   16.70
-140365.101    91.665     1.71   15.80
-140075.802    91.212    -1.57   16.40
-139786.511    91.265     0.18   16.10
-139497.226    94.028     9.55   14.97
-139207.947    96.211     7.55   13.99
-138918.676    99.357    10.88    9.51
-138629.411    99.765     1.41    8.08
-138340.153    98.715    -3.63    9.85
-138050.902    97.749    -3.34   10.80
-137761.657    96.408    -4.64   11.14
-137472.419    95.427    -3.39   10.06
-137183.187    94.637    -2.73    9.62
-136893.963    94.648     0.04    8.77
-136604.745    95.425     2.69    7.83
-136315.534    96.248     2.85    5.41
-136026.329    95.766    -1.67    4.79
-135737.131    95.065    -2.42    5.07
-135447.940    93.896    -4.04    5.10
-135158.756    93.648    -0.86    4.77
-134869.578    93.561    -0.30    3.94
-134580.407    92.355    -4.17    4.90
-134291.242    91.624    -2.53    5.17
-134002.084    90.782    -2.91    5.01
-133712.933    89.749    -3.57    4.94
-133423.789    88.698    -3.63    4.79
-133134.651    87.643    -3.65    4.58
-132845.520    86.241    -4.85    4.81
-132556.396    85.865    -1.30    4.26
-132267.278    84.943    -3.19    4.31
-131978.167    84.081    -2.98    4.25
-131689.063    82.919    -4.02    4.74
-131399.965    81.849    -3.70    5.26
-131110.874    80.028    -6.30    6.44
-130821.789    78.100    -6.67    8.13
-130532.712    76.374    -5.97    8.58
-130243.641    74.011    -8.18    9.02
-129954.576    70.915   -10.71    9.94
-129665.518    69.198    -5.94   10.21
-129376.467    66.239   -10.24   10.80
-129087.423    65.072    -4.04   10.86
-128798.385    64.476    -2.06   11.18
-128509.354    64.615     0.48   11.99
-128220.330    64.231    -1.33   12.16
-127931.312    63.544    -2.38   13.11
-127642.300    61.925    -5.60   14.87
-127353.296    59.231    -9.32   15.91
-127064.298    54.298   -17.07   16.74
-126775.307    51.298   -10.38   15.80
-126486.322    49.747    -5.37   14.54
-126197.344    48.065    -5.82   13.05
-125908.373    48.909     2.92   12.78
-125619.408    47.909    -3.46   12.64
-125330.450    46.454    -5.04   12.29
-125041.498    46.348    -0.37   11.43
-124752.554    45.391    -3.31   12.24
-124463.615    45.224    -0.58   11.94
-124174.684    45.698     1.64   12.90
-123885.759    46.909     4.19   13.40
-123596.840    48.257     4.67   13.76
-123307.929    48.764     1.75   13.99
-123019.024    49.350     2.03   13.75
-122730.125    48.175    -4.07   13.08
-122441.233    46.227    -6.75   13.42
-122152.348    45.850    -1.30   12.71
-121863.469    44.913    -3.24   12.81
-121574.597    45.442     1.83   12.26
-121285.732    44.965    -1.65   12.33
-120996.873    48.503    12.25   11.24
-120708.021    51.911    11.80    8.04
-120419.175    53.655     6.04    4.61
-120130.336    53.060    -2.06    4.73
-119841.504    52.148    -3.16    4.87
-119552.678    51.177    -3.36    5.04
-119263.859    50.449    -2.52    4.96
-118975.047    49.198    -4.33    4.42
-118686.241    47.943    -4.35    4.43
-118397.441    47.442    -1.74    4.48
-118108.648    47.264    -0.62    4.29
-117819.862    46.781    -1.67    4.47
-117531.083    46.503    -0.96    4.26
-117242.310    45.306    -4.15    4.76
-116953.543    43.968    -4.64    5.42
-116664.783    41.681    -7.92    6.06
-116376.030    39.648    -7.04    6.15
-116087.283    37.421    -7.71    5.75
-115798.543    35.256    -7.50    4.31
-115509.810    33.703    -5.38    3.27
-115221.083    32.421    -4.44    2.82
-114932.362    31.476    -3.27    2.73
-114643.649    31.091    -1.33    2.49
-114354.941    30.565    -1.82    2.45
-114066.241    29.830    -2.54    2.71
-113777.547    29.248    -2.02    2.66
-113488.859    28.700    -1.90    3.04
-113200.178    28.367    -1.15    3.34
-112911.504    27.431    -3.24    3.28
-112622.836    26.028    -4.86    3.78
-112334.175    25.528    -1.73    3.96
-112045.520    24.909    -2.14    4.10
-111756.872    24.913     0.01    4.21
-111468.230    24.865    -0.17    4.36
-111179.595    25.402     1.86    4.34
-110890.967    25.421     0.07    4.26
-110602.345    25.660     0.83    4.24
-110313.730    25.137    -1.81    4.89
-110025.121    25.487     1.21    4.60
-109736.518    25.264    -0.77    4.38
-109447.923    24.781    -1.67    4.24
-109159.334    23.388    -4.83    4.89
-108870.751    22.105    -4.45    4.67
-108582.175    21.086    -3.53    4.41
-108293.605    20.011    -3.73    3.57
-108005.042    18.481    -5.30    4.04
-107716.486    16.631    -6.41    4.44
-107427.936    15.281    -4.68    4.89
-107139.392    13.927    -4.69    4.73
-106850.856    12.750    -4.08    4.23
-106562.325    11.815    -3.24    3.74
-106273.801    10.968    -2.94    3.45
-105985.284    10.581    -1.34    3.42
-105696.773    10.008    -1.99    3.45
-105408.269     9.615    -1.36    3.29
-105119.771     8.957    -2.28    2.75
-104831.280     8.357    -2.08    2.17
-104542.796     7.998    -1.25    1.55
-104254.317     8.098     0.35    1.75
-103965.846     8.217     0.41    1.80
-103677.381     8.717     1.73    2.13
-103388.922     9.002     0.98    2.39
-103100.470     9.298     1.03    2.53
-102812.024     9.548     0.87    2.61
-102523.585     9.065    -1.68    2.62
-102235.153     8.781    -0.98    2.58
-101946.727     9.163     1.33    3.04
-101658.307     9.339     0.61    3.36
-101369.894    10.391     3.65    3.93
-101081.453    11.608     4.22    4.05
-100791.641    13.498     6.52    4.62
-100501.835    16.056     8.83    5.55
-100212.036    18.585     8.73    6.22
 -99922.244    21.052     8.51    6.36
 -99632.458    23.254     7.60    5.75
 -99342.678    25.031     6.13    5.51
 -99052.906    25.962     3.21    4.42
 -98763.139    26.306     1.19    4.03
 -98473.380    26.036    -0.93    3.93
 -98183.627    25.946    -0.31    4.36
 -97893.880    26.035     0.31    4.50
 -97604.140    24.934    -3.80    5.05
 -97314.407    24.093    -2.90    5.83
 -97024.680    23.631    -1.59    5.71
 -96734.959    23.637     0.02    6.18
 -96445.246    24.115     1.65    6.62
 -96155.538    25.781     5.75    7.58
 -95865.838    27.035     4.33    7.50
 -95576.144    29.077     7.05    6.01
 -95286.456    30.020     3.26    4.89
 -94996.775    30.239     0.75    4.49
 -94707.100    29.715    -1.81    4.44
 -94417.432    29.681    -0.12    3.90
 -94127.771    29.454    -0.79    3.69
 -93838.116    30.561     3.82    4.06
 -93548.468    31.879     4.55    4.23
 -93258.826    33.060     4.08    4.27
 -92969.190    34.052     3.42    3.80
 -92679.561    34.367     1.09    3.41
 -92389.939    34.487     0.41    3.32
 -92100.323    34.669     0.63    3.05
 -91810.714    34.867     0.68    2.83
 -91521.111    34.995     0.44    3.13
 -91231.515    34.557    -1.51    3.44
 -90941.926    34.340    -0.75    3.50
 -90652.342    33.749    -2.04    3.40
 -90362.766    32.524    -4.23    4.01
 -90073.196    31.592    -3.22    3.96
 -89783.632    30.565    -3.55    3.67
 -89494.075    29.665    -3.11    3.41
 -89204.524    28.377    -4.45    2.87
 -88914.980    27.829    -1.89    2.67
 -88625.443    27.465    -1.26    2.45
 -88335.911    27.314    -0.52    2.47
 -88046.387    27.031    -0.98    2.38
 -87756.869    26.936    -0.33    2.31
 -87467.357    26.782    -0.53    2.36
 -87177.852    26.601    -0.62    2.45
 -86888.354    26.068    -1.84    2.65
 -86598.861    25.884    -0.63    2.59
 -86309.376    25.565    -1.10    2.65
 -86019.897    25.629     0.22    2.85
 -85730.424    25.552    -0.26    2.86
 -85440.958    25.431    -0.42    2.65
 -85151.498    25.560     0.44    2.51
 -84862.045    25.765     0.71    2.12
 -84572.598    25.578    -0.65    2.00
 -84283.158    25.391    -0.64    1.94
 -83993.724    25.357    -0.12    2.06
 -83704.297    25.159    -0.69    2.16
 -83414.876    25.160     0.00    2.17
 -83125.462    24.749    -1.42    2.13
 -82836.054    24.381    -1.27    2.20
 -82546.653    24.340    -0.14    2.27
 -82257.258    23.830    -1.76    2.29
 -81967.870    23.552    -0.96    2.14
 -81678.488    23.524    -0.10    2.18
 -81389.112    23.850     1.13    2.54
 -81099.743    24.565     2.47    3.06
 -80810.381    24.709     0.50    3.05
 -80521.025    24.395    -1.08    3.28
 -80231.675    23.648    -2.58    4.21
 -79942.332    23.028    -2.14    4.35
 -79652.995    22.747    -0.97    5.11
 -79363.665    24.177     4.94    7.35
 -79074.341    25.339     4.02    8.82
 -78785.024    27.081     6.02    9.65
 -78495.713    28.621     5.32    9.81
 -78206.408    29.557     3.24    9.40
 -77917.110    29.981     1.47    8.82
 -77627.819    28.357    -5.61    7.99
 -77338.534    27.476    -3.05    7.80
 -77049.255    25.911    -5.41    7.00
 -76759.983    24.687    -4.23    5.66
 -76470.717    23.651    -3.58    4.78
 -76181.458    23.265    -1.33    3.75
 -75892.205    22.865    -1.38    2.85
 -75602.958    22.798    -0.23    2.70
 -75313.718    22.651    -0.51    3.01
 -75024.484    21.849    -2.77    3.81
 -74735.257    20.069    -6.15    4.79
 -74446.036    18.746    -4.57    5.29
 -74156.822    17.832    -3.16    5.12
 -73867.614    18.020     0.65    5.09
 -73578.413    18.077     0.20    5.09
 -73289.218    18.363     0.99    4.94
 -73000.029    19.570     4.18    4.87
 -72710.847    20.498     3.21    4.52
 -72421.671    21.471     3.36    3.79
 -72132.502    22.346     3.03    3.24
 -71843.339    23.265     3.18    2.99
 -71554.182    24.040     2.68    2.82
 -71265.032    24.712     2.32    2.87
 -70975.888    25.018     1.06    2.85
 -70686.751    25.290     0.94    3.02
 -70397.620    24.833    -1.58    3.39
 -70108.495    23.946    -3.07    3.85
 -69819.377    23.108    -2.90    3.69
 -69530.266    22.281    -2.86    3.47
 -69241.160    21.565    -2.48    3.19
 -68952.061    20.637    -3.21    3.40
 -68662.969    20.322    -1.09    3.52
 -68373.883    20.241    -0.28    3.91
 -68084.803    19.241    -3.46    4.45
 -67795.730    18.137    -3.82    4.61
 -67506.663    17.415    -2.50    4.37
 -67217.602    16.971    -1.54    3.69
 -66928.548    15.957    -3.51    3.56
 -66639.500    15.002    -3.31    3.25
 -66350.459    14.454    -1.89    3.15
 -66061.424    14.022    -1.49    3.26
 -65772.395    13.381    -2.22    3.15
 -65483.373    12.637    -2.58    2.22
 -65194.357    12.355    -0.97    1.82
 -64905.348    12.497     0.49    1.62
 -64616.344    12.552     0.19    1.49
 -64327.348    13.181     2.18    1.39
 -64038.357    13.698     1.79    1.58
 -63749.373    14.227     1.83    1.90
 -63460.396    14.992     2.65    2.28
 -63171.424    15.618     2.17    2.37
 -62882.459    16.408     2.74    2.34
 -62593.501    17.120     2.46    1.93
 -62304.549    17.142     0.08    2.29
 -62015.603    16.643    -1.73    3.31
 -61726.664    15.750    -3.09    3.76
 -61437.730    15.315    -1.51    3.81
 -61148.804    14.612    -2.43    3.61
 -60859.883    14.333    -0.97    3.37
 -60570.969    14.323    -0.03    2.74
 -60282.062    14.497     0.60    2.78
 -59993.160    14.781     0.99    2.77
 -59704.265    14.749    -0.11    2.49
 -59415.377    14.681    -0.23    2.56
 -59126.494    14.915     0.81    2.58
 -58837.618    15.831     3.17    3.11
 -58548.749    16.830     3.46    3.63
 -58259.886    17.879     3.63    4.09
 -57971.029    19.044     4.03    3.85
 -57682.178    20.195     3.98    3.56
 -57393.334    21.256     3.67    3.31
 -57104.496    22.243     3.42    3.51
 -56815.664    22.665     1.46    3.36
 -56526.839    22.992     1.13    3.53
 -56238.020    23.729     2.55    3.61
 -55949.208    24.866     3.94    3.51
 -55660.402    25.681     2.82    3.44
 -55371.602    27.257     5.46    3.88
 -55082.808    29.592     8.08    5.08
 -54794.021    32.425     9.81    6.75
 -54505.240    37.415    17.28    9.09
 -54216.465    42.031    15.99   10.75
 -53927.697    46.700    16.17   10.55
 -53638.935    51.493    16.60    9.47
 -53350.179    54.624    10.84    7.93
 -53061.430    57.110     8.61    6.22
 -52772.687    58.527     4.91    6.15
 -52483.950    58.229    -1.03    7.73
 -52195.220    58.131    -0.34    8.74
 -51906.496    57.201    -3.22    9.69
 -51617.778    55.165    -7.05   10.77
 -51329.066    52.716    -8.48   11.22
 -51040.361    52.074    -2.22   10.43
 -50751.662    52.018    -0.19   10.03
 -50462.969    50.470    -5.36    9.56
 -50174.283    50.401    -0.24    8.56
 -49885.603    50.465     0.22    8.13
 -49596.929    51.142     2.35    8.03
 -49308.262    51.148     0.02    8.08
 -49019.601    51.340     0.67    7.96
 -48730.946    51.536     0.68    8.06
 -48442.297    51.781     0.85    6.98
 -48153.655    51.830     0.17    6.24
 -47865.019    53.274     5.00    6.24
 -47576.390    54.471     4.15    6.71
 -47287.766    56.212     6.03    7.46
 -46999.149    59.126    10.10    7.75
 -46710.538    60.976     6.41    7.72
 -46421.934    61.712     2.55    7.87
 -46133.335    60.437    -4.42    8.68
 -45844.743    59.425    -3.51    8.57
 -45556.158    56.951    -8.58    8.61
 -45267.578    53.552   -11.78    8.84
 -44979.005    50.379   -11.00    8.51
 -44690.438    46.877   -12.13    7.69
 -44401.877    43.381   -12.12    5.56
 -44113.323    40.898    -8.61    3.93
 -43824.775    39.149    -6.06    3.00
 -43536.233    38.314    -2.89    2.68
 -43247.697    36.931    -4.79    2.53
 -42959.168    36.040    -3.09    2.45
 -42670.645    35.215    -2.86    2.38
 -42382.128    34.488    -2.52    2.11
 -42093.617    34.018    -1.63    2.07
 -41805.113    33.388    -2.18    1.56
 -41516.615    32.989    -1.39    1.42
 -41228.123    32.712    -0.96    1.45
 -40939.638    32.915     0.70    1.64
 -40651.158    33.481     1.96    1.82
 -40362.685    33.881     1.39    1.97
 -40074.218    34.700     2.84    2.19
 -39785.758    35.405     2.44    2.03
 -39497.303    36.250     2.93    1.72
 -39208.855    36.815     1.96    1.47
 -38920.413    37.115     1.04    1.28
 -38631.017    37.574     1.59    1.41
 -38341.233    37.815     0.83    1.40
 -38051.456    38.256     1.52    1.38
 -37761.684    38.669     1.43    1.37
 -37471.920    39.015     1.19    1.64
 -37182.161    39.539     1.81    1.97
 -36892.409    39.976     1.50    1.86
 -36602.662    39.915    -0.21    1.96
 -36312.923    40.121     0.71    2.01
 -36023.189    40.333     0.73    2.00
 -35733.462    40.465     0.46    2.01
 -35443.741    40.395    -0.24    1.83
 -35154.026    40.601     0.71    1.67
 -34864.318    40.415    -0.64    1.52
 -34574.616    40.195    -0.76    1.10
 -34284.920    40.459     0.91    1.14
 -33995.231    40.781     1.11    1.30
 -33705.547    41.181     1.38    1.53
 -33415.870    41.936     2.60    1.91
 -33126.200    42.831     3.09    2.48
 -32836.535    44.057     4.23    2.89
 -32546.877    45.205     3.96    2.94
 -32257.225    46.137     3.22    2.73
 -31967.580    47.093     3.30    2.44
 -31677.940    48.195     3.80    2.45
 -31388.307    49.398     4.15    2.57
 -31098.680    50.257     2.97    2.65
 -30809.060    51.239     3.39    2.77
 -30519.446    52.181     3.25    2.57
 -30229.837    53.453     4.39    2.42
 -29940.236    54.687     4.26    2.79
 -29650.640    55.747     3.66    3.11
 -29361.051    56.962     4.19    3.58
 -29071.468    58.022     3.66    3.59
 -28781.891    58.981     3.31    3.29
 -28492.321    60.411     4.94    3.71
 -28202.756    61.498     3.75    3.75
 -27913.198    63.236     6.00    4.00
 -27623.646    64.535     4.49    4.18
 -27334.101    66.248     5.92    4.30
 -27044.562    66.448     0.69    4.43
 -26755.028    66.179    -0.93    4.85
 -26465.502    65.830    -1.21    5.53
 -26175.981    65.028    -2.77    6.30
 -25886.467    65.340     1.08    7.68
 -25596.959    65.057    -0.98    8.78
 -25307.457    66.208     3.98   10.41
 -25017.961    70.103    13.46   12.06
 -24728.472    73.040    10.15   12.08
 -24438.988    75.896     9.87   12.12
 -24149.511    79.298    11.75   11.52
 -23860.041    81.367     7.15   11.08
 -23570.576    84.487    10.78   11.16
 -23281.118    87.354     9.90   10.45
 -22991.666    88.971     5.59    9.27
 -22702.220    88.323    -2.24    9.60
 -22412.780    85.398   -10.10   10.15
 -22123.347    83.544    -6.41   10.60
 -21833.919    79.548   -13.81    9.43
 -21544.498    76.060   -12.05    8.40
 -21255.084    72.556   -12.11    7.71
 -20965.675    68.698   -13.33    8.10
 -20676.273    66.948    -6.05    8.74
 -20386.876    63.340   -12.47    7.91
 -20097.486    60.880    -8.50    7.26
 -19808.103    58.951    -6.67    6.37
 -19518.725    57.395    -5.38    6.17
 -19229.354    55.665    -5.98    7.12
 -18939.988    53.091    -8.89    8.11
 -18650.629    50.911    -7.53   10.01
 -18361.277    47.715   -11.05    9.53
 -18071.930    43.717   -13.82   10.37
 -17782.590    39.039   -16.17   10.81
 -17493.255    34.215   -16.68   11.93
 -17203.927    29.342   -16.84   12.20
 -16914.605    27.105    -7.73   12.01
 -16625.290    24.548    -8.84   11.08
 -16335.980    22.592    -6.76    9.73
 -16046.677    21.365    -4.24    8.66
 -15757.380    22.798     4.95    9.16
 -15468.089    23.832     3.57    8.94
 -15178.804    22.988    -2.92    9.04
 -14889.526    21.913    -3.72    9.52
 -14600.253    20.902    -3.50    9.62
 -14310.987    20.069    -2.88   10.04
 -14021.727    18.574    -5.17    9.62
 -13732.473    15.115   -11.96    8.27
 -13443.225    13.052    -7.13    7.45
 -13153.984    11.631    -4.91    6.81
 -12864.748     9.588    -7.06    6.16
 -12575.519     7.623    -6.80    4.81
 -12286.296     6.248    -4.75    3.83
 -11997.079     5.264    -3.40    3.58
 -11707.868     4.536    -2.52    3.69
 -11418.664     4.081    -1.57    3.83
 -11129.465     4.815     2.54    5.19
 -10840.273     6.557     6.02    6.97
 -10551.087     8.765     7.64    8.59
 -10261.907    11.250     8.59    8.95
  -9972.733    14.498    11.23    8.38
  -9683.565    16.372     6.48    7.64
  -9394.404    18.902     8.75    6.06
  -9105.248    19.165     0.91    6.14
  -8816.099    20.015     2.94    5.23
  -8526.956    19.734    -0.97    5.68
  -8237.819    20.290     1.92    5.00
  -7948.688    20.832     1.87    3.95
  -7659.564    20.917     0.29    2.79
  -7370.445    20.615    -1.04    2.48
  -7081.333    20.224    -1.35    2.47
  -6792.226    20.557     1.15    2.75
  -6503.126    21.020     1.60    2.81
  -6214.032    21.716     2.41    3.07
  -5924.944    22.137     1.46    3.01
  -5635.863    22.264     0.44    3.17
  -5346.787    21.965    -1.03    3.56
  -5057.717    21.443    -1.80    3.77
  -4768.654    20.476    -3.35    3.98
  -4479.597    18.077    -8.30    5.72
  -4190.546    16.005    -7.17    6.03
  -3901.501    13.374    -9.10    7.01
  -3612.462    11.175    -7.61    7.18
  -3323.429     9.243    -6.69    6.73
  -3034.402     7.735    -5.22    5.99
  -2745.382     6.929    -2.79    5.21
  -2456.367     7.131     0.70    5.29
  -2167.359     6.693    -1.52    4.34
  -1878.357     7.175     1.67    4.37
  -1589.360     7.331     0.54    4.96
  -1300.370     6.959    -1.29    5.42
  -1011.387     6.365    -2.06    5.53
   -722.409     4.902    -5.06    5.40
   -433.437     4.035    -3.00    5.28
   -144.471     2.324    -5.92    4.70
    144.488     1.492    -2.88    4.33
    433.442     0.884    -2.10    3.61
    722.389     1.215     1.14    3.60
   1011.330     1.646     1.49    3.72
   1300.265     2.498     2.95    3.69
   1589.195     3.192     2.40    3.52
   1878.118     4.040     2.94    3.43
   2167.034     4.339     1.04    2.96
   2455.945     4.900     1.94    2.81
   2744.850     4.831    -0.24    2.95
   3033.749     4.902     0.24    2.57
   3322.641     4.717    -0.64    2.62
   3611.528     4.565    -0.53    2.13
   3900.408     4.605     0.14    2.03
   4189.282     4.527    -0.27    2.07
   4478.151     4.867     1.18    2.20
   4767.013     4.978     0.39    2.09
   5055.869     5.198     0.76    2.01
   5344.719     5.234     0.12    1.98
   5633.563     4.815    -1.45    1.66
   5922.401     4.565    -0.87    1.99
   6211.233     4.256    -1.07    1.96
   6500.059     3.978    -0.96    2.19
   6788.878     3.798    -0.62    2.26
   7077.692     3.572    -0.78    2.30
   7366.500     3.585     0.04    2.21
   7655.301     3.713     0.44    1.99
   7944.097     3.565    -0.51    1.83
   8232.886     3.453    -0.39    1.80
   8521.670     3.192    -0.91    1.93
   8810.447     2.900    -1.01    2.00
   9099.218     2.569    -1.15    2.03
   9387.984     2.798     0.79    2.07
   9676.743     3.248     1.56    2.49
   9965.496     4.201     3.30    3.05
  10254.243     5.372     4.05    3.52
  10542.984     6.512     3.95    3.90
  10831.719     7.991     5.12    3.83
  11120.448     9.831     6.37    4.23
  11409.171    12.367     8.78    5.52
  11697.888    16.639    14.80    8.52
  11986.599    21.241    15.94   11.20
  12275.304    27.437    21.46   13.29
  12564.003    34.595    24.79   14.56
  12852.695    42.781    28.36   15.98
  13141.382    49.815    24.36   15.38
  13430.063    58.591    30.40   13.72
  13718.738    64.637    20.94   11.80
  14007.406    69.798    17.88    9.59
  14296.069    74.660    16.84    4.78
  14584.726    76.074     4.90    4.04
  14873.376    78.110     7.05    3.88
  15162.021    79.314     4.17    4.20
  15450.659    80.527     4.20    4.30
  15739.292    81.306     2.70    4.68
  16027.919    81.934     2.17    5.13
  16316.539    82.731     2.76    4.65
  16605.154    83.765     3.58    5.25
  16893.762    84.290     1.82    6.05
  17182.365    84.020    -0.93    7.09
  17470.961    83.536    -1.68    7.39
  17759.552    82.198    -4.64    8.23
  18048.136    80.254    -6.74    9.22
  18336.715    78.290    -6.81    9.75
  18625.287    75.615    -9.27    9.02
  18913.854    74.024    -5.51    8.60
  19202.414    73.831    -0.67    9.82
  19490.969    74.384     1.92   10.15
  19779.518    74.815     1.49   10.01
  20068.060    76.142     4.60    8.20
  20356.597    76.163     0.07    7.69
  20645.127    75.419    -2.58    7.00
  20933.652    73.192    -7.72    6.41
  21222.170    70.948    -7.78    6.36
  21510.683    68.290    -9.21    6.76
  21799.190    63.077   -18.07    9.83
  22087.690    58.175   -16.99   10.81
  22376.185    53.346   -16.74   10.94
  22664.674    48.595   -16.47   10.08
  22953.156    43.998   -15.93    8.84
  23241.633    39.868   -14.32    7.81
  23530.619    36.201   -12.69    7.77
  23820.383    33.257   -10.16    7.70
  24110.142    30.077   -10.98    6.22
  24399.894    27.646    -8.39    5.37
  24689.641    25.557    -7.21    5.39
  24979.381    23.683    -6.47    5.09
  25269.116    21.465    -7.66    4.33
  25558.844    19.992    -5.08    4.30
  25848.566    18.402    -5.49    4.04
  26138.283    16.748    -5.71    3.06
  26427.993    15.679    -3.69    2.39
  26717.697    15.126    -1.91    2.31
  27007.396    14.943    -0.63    2.22
  27297.088    14.734    -0.72    2.25
  27586.774    14.487    -0.85    2.45
  27876.455    14.137    -1.21    2.64
  28166.129    14.098    -0.13    2.82
  28455.797    13.505    -2.05    2.65
  28745.459    12.667    -2.89    2.96
  29035.115    11.917    -2.59    2.67
  29324.766    11.035    -3.04    2.47
  29614.410    10.695    -1.18    2.57
  29904.048    10.181    -1.77    2.54
  30193.680     9.893    -0.99    2.81
  30483.307     9.931     0.13    2.90
  30772.927    10.181     0.86    2.97
  31062.541    10.143    -0.13    2.86
  31352.149    10.481     1.17    2.79
  31641.751    10.998     1.78    2.96
  31931.348    11.258     0.90    2.67
  32220.938    11.354     0.33    2.41
  32510.522    11.381     0.10    2.25
  32800.101    11.476     0.33    2.29
  33089.673    11.167    -1.07    2.45
  33379.239    10.306    -2.97    2.41
  33668.800     9.481    -2.85    2.27
  33958.354     8.492    -3.42    2.21
  34247.902     7.715    -2.68    2.18
  34537.445     6.919    -2.75    2.47
  34826.981     6.348    -1.97    2.30
  35116.512     5.615    -2.53    2.17
  35406.036     5.131    -1.67    1.94
  35695.555     4.746    -1.33    1.56
  35985.067     4.281    -1.61    1.37
  36274.574     4.005    -0.95    1.20
  36564.074     3.749    -0.88    1.26
  36853.569     3.498    -0.87    1.29
  37143.058     3.465    -0.12    1.34
  37432.541     3.388    -0.26    1.33
  37722.017     3.324    -0.22    1.29
  38011.488     3.374     0.18    1.13
  38300.953     3.384     0.03    1.01
  38590.412     3.421     0.13    1.04
  38879.865     3.281    -0.48    1.03
  39169.312     3.065    -0.75    0.92
  39458.753     2.953    -0.39    0.85
  39748.188     2.866    -0.30    0.91
  40037.617     2.830    -0.12    0.78
  40327.040     2.864     0.12    1.08
  40616.458     2.909     0.16    1.28
  40905.869     2.798    -0.38    1.38
  41195.274     2.748    -0.17    1.50
  41484.674     2.696    -0.18    1.56
  41774.067     2.671    -0.09    1.55
  42063.455     2.749     0.27    1.62
  42352.836     2.651    -0.34    1.35
  42642.212     2.459    -0.66    1.29
  42931.582     2.510     0.18    1.31
  43220.946     2.465    -0.16    1.27
  43510.304     2.431    -0.12    1.22
  43799.656     2.427    -0.01    1.24
  44089.002     2.265    -0.56    1.38
  44378.342     2.177    -0.30    1.50
  44667.676     1.934    -0.84    1.58
  44957.004     1.815    -0.41    1.48
  45246.327     1.925     0.38    1.59
  45535.643     2.103     0.62    1.76
  45824.954     2.365     0.90    1.93
  46114.258     2.065    -1.04    1.88
  46403.557     1.900    -0.57    2.01
  46692.850     1.849    -0.18    2.01
  46982.137     1.605    -0.84    1.94
  47271.418     1.306    -1.03    1.88
  47560.693     1.115    -0.66    1.75
  47849.962     1.018    -0.33    1.82
  48139.225     1.137     0.41    1.82
  48428.482     0.913    -0.78    2.02
  48717.734     0.883    -0.10    2.00
  49006.979     0.503    -1.31    2.10
  49296.219     0.431    -0.25    2.07
  49585.453     0.315    -0.40    1.98
  49874.681    -0.266    -2.01    1.71
  50163.903    -0.252     0.05    1.70
  50453.119    -0.266    -0.05    1.64
  50742.329    -0.116     0.52    1.87
  51031.533     0.181     1.03    1.81
  51320.731     0.570     1.34    1.96
  51609.924     0.782     0.73    1.89
  51899.111     0.881     0.34    1.78
  52188.291     1.036     0.54    1.75
  52477.466     1.465     1.48    1.76
  52766.635     1.539     0.26    1.86
  53055.798     1.832     1.01    1.89
  53344.955     1.867     0.12    2.08
  53634.107     1.519    -1.20    2.40
  53923.252     1.391    -0.44    2.44
  54212.392     0.883    -1.76    2.46
  54501.525     0.833    -0.17    2.28
  54790.653     0.552    -0.97    2.34
  55079.775     0.608     0.19    2.34
  55368.891     0.598    -0.03    2.54
  55658.002     0.998     1.38    2.75
  55947.106     1.126     0.44    2.67
  56236.205     1.231     0.37    2.80
  56525.297     1.981     2.59    3.13
  56814.384     2.576     2.06    3.36
  57103.465     2.798     0.77    3.42
  57392.540     3.405     2.10    3.42
  57681.609     3.798     1.36    3.31
  57970.673     4.264     1.61    2.85
  58259.730     4.192    -0.25    2.78
  58548.782     3.831    -1.25    2.65
  58837.828     3.556    -0.95    2.28
  59126.868     3.239    -1.10    2.10
  59415.902     2.988    -0.87    1.98
  59704.930     3.018     0.11    2.03
  59993.952     2.913    -0.37    2.27
  60282.969     2.703    -0.73    2.12
  60571.980     2.212    -1.70    1.58
  60860.985     1.965    -0.86    1.52
  61149.984     1.681    -0.98    1.58
  61438.977     1.581    -0.35    1.66
  61727.965     1.222    -1.24    1.61
  62016.946     0.700    -1.81    1.59
  62305.922     0.427    -0.94    1.63
  62594.892     0.048    -1.31    1.78
  62883.856    -0.352    -1.38    1.78
  63172.814    -0.392    -0.14    1.65
  63461.767    -0.481    -0.31    1.53
  63750.713    -0.405     0.26    1.53
  64039.654    -0.448    -0.15    1.63
  64328.589    -0.354     0.32    1.78
  64617.518    -0.426    -0.25    1.60
  64906.441    -0.448    -0.08    1.50
  65195.359    -0.402     0.16    1.33
  65484.271    -0.300     0.35    1.35
  65773.177    -0.133     0.58    1.41
  66062.077     0.131     0.92    1.43
  66350.971     0.453     1.11    1.54
  66639.859     0.798     1.19    1.52
  66928.742     1.024     0.78    1.69
  67217.619     1.443     1.45    2.05
  67506.490     1.782     1.17    2.04
  67795.355     1.988     0.71    2.07
  68084.215     1.981    -0.02    2.02
  68373.068     2.350     1.28    2.04
  68661.916     2.601     0.87    1.93
  68950.758     2.442    -0.55    1.70
  69239.594     2.205    -0.82    1.57
  69528.425     2.126    -0.27    1.57
  69817.250     1.881    -0.85    1.64
  70106.068     1.701    -0.62    1.50
  70394.881     1.481    -0.76    1.43
  70683.689     1.201    -0.97    1.32
  70972.490     1.096    -0.36    1.36
  71261.286     1.115     0.06    1.46
  71550.076     1.015    -0.35    1.50
  71838.860     0.909    -0.37    1.65
  72127.639     0.608    -1.04    1.66
  72416.411     0.405    -0.70    1.51
  72705.178     0.002    -1.40    1.47
  72993.939    -0.357    -1.24    1.56
  73282.694    -0.530    -0.60    1.42
  73571.444    -0.829    -1.04    1.31
  73860.188    -1.024    -0.68    1.43
  74148.926    -1.202    -0.61    1.52
  74437.658    -1.185     0.06    1.77
  74726.384    -1.133     0.18    1.84
  75015.105    -0.985     0.51    2.50
  75303.820    -0.847     0.48    2.57
  75592.529    -0.616     0.80    2.68
  75881.232    -0.448     0.58    2.68
  76169.930    -0.529    -0.28    2.15
  76458.622    -0.626    -0.33    1.98
  76747.308    -0.579     0.16    1.93
  77035.988    -0.541     0.13    1.74
  77324.663    -0.621    -0.28    1.64
  77613.332    -0.995    -1.29    1.76
  77901.995    -1.269    -0.95    1.83
  78190.652    -1.148     0.42    1.73
  78479.304    -1.121     0.09    1.80
  78767.949    -1.300    -0.62    1.77
  79056.590    -1.492    -0.67    1.75
  79345.224    -1.609    -0.40    1.35
  79633.853    -1.529     0.27    1.19
  79922.475    -1.569    -0.14    1.10
  80211.093    -1.374     0.67    1.22
  80499.704    -1.267     0.37    1.17
  80788.310    -1.323    -0.19    1.17
  81076.910    -1.405    -0.29    1.26
  81365.504    -1.426    -0.07    1.28
  81654.092    -1.719    -1.01    1.28
  81942.675    -1.726    -0.02    1.22
  82231.252    -1.769    -0.15    1.13
  82519.823    -1.621     0.51    1.34
  82808.389    -1.869    -0.86    1.62
  83096.949    -1.969    -0.35    1.70
  83385.503    -1.995    -0.09    1.70
  83674.051    -2.138    -0.50    1.82
  83962.594    -2.136     0.01    2.07
  84251.131    -2.251    -0.40    2.42
  84539.662    -2.443    -0.67    2.20
  84828.188    -2.558    -0.40    2.12
  85116.708    -2.481     0.27    2.23
  85405.222    -2.252     0.79    2.29
  85693.839    -2.170     0.28    2.21
  85983.582    -2.168     0.01    2.12
  86273.320    -1.961     0.72    2.10
  86563.052    -1.592     1.27    2.03
  86852.778    -1.628    -0.13    2.17
  87142.498    -1.916    -0.99    2.26
  87432.213    -2.100    -0.64    2.21
  87721.921    -2.119    -0.06    2.23
  88011.624    -2.119     0.00    2.24
  88301.322    -2.319    -0.69    2.24
  88591.013    -2.676    -1.24    1.96
  88880.699    -2.757    -0.28    2.01
  89170.379    -3.005    -0.86    1.82
  89460.053    -2.914     0.32    1.76
  89749.722    -2.761     0.53    1.69
  90039.385    -2.650     0.38    1.75
  90329.042    -2.563     0.30    1.77
  90618.693    -2.547     0.05    1.94
  90908.339    -2.519     0.10    1.94
  91197.979    -2.667    -0.51    2.01
  91487.613    -2.575     0.32    1.80
  91777.241    -2.492     0.29    1.95
  92066.864    -2.251     0.83    1.79
  92356.481    -2.154     0.34    1.46
  92646.092    -2.184    -0.11    1.40
  92935.697    -2.085     0.34    1.53
  93225.297    -1.939     0.51    1.46
  93514.891    -1.976    -0.13    1.67
  93804.479    -2.185    -0.72    1.72
  94094.062    -2.267    -0.28    1.78
  94383.639    -2.524    -0.89    1.72
  94673.210    -2.478     0.16    1.55
  94962.775    -2.769    -1.00    1.48
  95252.335    -2.892    -0.42    1.58
  95541.889    -2.815     0.27    1.53
  95831.437    -3.052    -0.82    1.47
  96120.980    -3.288    -0.82    1.76
  96410.517    -3.490    -0.70    1.71
  96700.048    -3.825    -1.16    1.61
  96989.573    -3.932    -0.37    1.46
  97279.093    -3.754     0.62    1.50
  97568.607    -3.399     1.23    1.85
  97858.115    -3.152     0.85    2.23
  98147.618    -3.083     0.24    2.39
  98437.115    -3.066     0.06    2.42
  98726.606    -3.300    -0.81    2.49
  99016.092    -3.621    -1.11    2.41
  99305.572    -4.119    -1.72    1.97
  99595.046    -4.135    -0.06    1.73
  99884.514    -4.167    -0.11    1.62
 100173.977    -4.415    -0.86    1.67
 100463.434    -4.490    -0.26    1.62
 100752.886    -4.661    -0.59    1.66
 101042.331    -4.736    -0.26    1.67
 101331.771    -4.736     0.00    1.82
 101621.206    -5.038    -1.04    1.93
 101910.634    -5.069    -0.11    1.86
 102200.057    -5.315    -0.85    1.93
 102489.475    -5.059     0.88    2.02
 102778.886    -5.269    -0.72    2.17
 103068.292    -5.478    -0.72    2.18
 103357.692    -5.153     1.12    2.30
 103647.087    -5.022     0.45    2.28
 103936.476    -4.890     0.45    2.33
 104225.859    -4.710     0.62    2.31
 104515.237    -4.754    -0.15    2.22
 104804.609    -4.841    -0.30    2.24
 105093.975    -5.081    -0.83    2.38
 105383.336    -5.395    -1.09    2.25
 105672.690    -5.435    -0.14    2.29
 105962.040    -5.754    -1.10    2.36
 106251.383    -6.012    -0.89    2.48
 106540.721    -5.874     0.48    2.76
 106830.054    -5.776     0.34    2.96
 107119.380    -5.754     0.08    2.92
 107408.701    -5.579     0.60    2.76
 107698.017    -5.392     0.65    2.64
 107987.326    -4.965     1.48    2.67
 108276.630    -4.579     1.33    2.62
 108565.929    -4.460     0.41    2.42
 108855.222    -4.202     0.89    2.42
 109144.509    -3.667     1.85    2.42
 109433.790    -3.669    -0.00    2.38
 109723.066    -3.327     1.18    2.50
 110012.336    -3.331    -0.01    2.53
 110301.601    -3.136     0.67    2.73
 110590.860    -3.054     0.28    2.64
 110880.113    -3.100    -0.16    2.53
 111169.361    -2.978     0.42    2.63
 111458.603    -3.382    -1.40    2.31
 111747.839    -3.771    -1.34    2.44
 112037.070    -4.185    -1.43    2.49
 112326.295    -4.512    -1.13    2.75
 112615.514    -5.185    -2.33    2.84
 112904.728    -5.287    -0.35    2.96
 113193.937    -5.005     0.97    3.35
 113483.139    -5.043    -0.13    3.30
 113772.336    -4.602     1.53    3.28
 114061.528    -4.219     1.33    3.23
 114350.713    -3.795     1.46    3.02
 114639.894    -4.019    -0.77    2.81
 114929.068    -4.305    -0.99    2.28
 115218.237    -4.472    -0.58    1.66
 115507.400    -4.563    -0.31    1.59
 115796.558    -4.676    -0.39    1.42
 116085.710    -4.685    -0.03    1.39
 116374.857    -4.805    -0.42    1.56
 116663.998    -5.089    -0.98    1.82
 116953.133    -5.202    -0.39    1.74
 117242.263    -5.392    -0.66    1.90
 117531.387    -5.710    -1.10    1.74
 117820.505    -5.529     0.63    1.96
 118109.618    -5.439     0.31    1.99
 118398.725    -5.120     1.10    2.25
 118687.827    -4.831     1.00    2.44
 118976.923    -4.736     0.33    2.56
 119266.014    -4.435     1.04    2.71
 119555.099    -4.512    -0.27    2.85
 119844.178    -4.563    -0.17    2.83
 120133.252    -4.785    -0.77    2.57
 120422.320    -5.202    -1.44    2.29
 120711.382    -5.069     0.46    2.32
 121000.439    -4.812     0.89    2.03
 121289.491    -4.558     0.88    2.25
 121578.537    -3.995     1.95    2.21
 121867.577    -3.595     1.38    2.19
 122156.612    -3.236     1.24    1.96
 122445.641    -3.019     0.75    1.97
 122734.664    -2.702     1.10    1.88
 123023.682    -2.541     0.56    1.77
 123312.695    -2.879    -1.17    1.84
 123601.701    -2.956    -0.27    1.89
 123890.703    -3.250    -1.02    1.75
 124179.698    -3.613    -1.26    1.57
 124468.689    -3.719    -0.37    1.52
 124757.673    -3.727    -0.03    1.48
 125046.652    -3.694     0.12    1.45
 125335.626    -3.621     0.25    1.48
 125624.593    -3.694    -0.25    1.50
 125913.556    -3.727    -0.12    1.59
 126202.512    -3.840    -0.39    1.53
 126491.464    -3.940    -0.35    1.62
 126780.409    -3.829     0.38    1.89
 127069.349    -3.743     0.30    1.91
 127358.284    -3.776    -0.11    1.83
 127647.213    -3.357     1.45    2.17
 127936.136    -3.116     0.84    2.08
 128225.054    -3.185    -0.24    2.25
 128513.967    -3.218    -0.11    2.26
 128802.874    -3.392    -0.60    2.21
 129091.775    -3.563    -0.59    2.21
 129380.671    -4.012    -1.56    2.33
 129669.561    -4.100    -0.30    2.15
 129958.445    -4.005     0.33    2.24
 130247.325    -4.317    -1.08    2.15
 130536.198    -4.412    -0.33    2.20
 130825.066    -4.518    -0.37    2.18
 131113.929    -4.485     0.11    2.19
 131402.786    -4.488    -0.01    2.02
 131691.637    -4.718    -0.80    1.97
 131980.483    -4.819    -0.35    1.61
 132269.324    -4.792     0.09    1.46
 132558.158    -4.771     0.07    1.42
 132846.988    -4.736     0.12    1.57
 133135.812    -4.785    -0.17    1.52
 133424.630    -4.788    -0.01    1.55
 133713.443    -4.645     0.50    1.58
 134002.250    -4.581     0.22    1.65
 134291.052    -4.592    -0.04    1.63
 134579.848    -4.812    -0.76    1.47
 134868.639    -4.956    -0.50    1.47
 135157.424    -4.821     0.47    1.36
 135446.204    -5.152    -1.15    1.50
 135734.978    -5.052     0.35    1.51
 136023.747    -5.083    -0.11    1.60
 136312.510    -5.119    -0.12    1.74
 136601.268    -5.134    -0.05    1.78
 136890.020    -5.234    -0.35    1.85
 137178.767    -5.379    -0.50    1.72
 137467.508    -5.002     1.31    1.62
 137756.244    -5.236    -0.81    1.45
 138044.974    -5.167     0.24    1.39
 138333.699    -5.329    -0.56    1.43
 138622.418    -5.452    -0.43    1.46
 138911.132    -5.444     0.03    1.45
 139199.840    -5.569    -0.43    1.51
 139488.543    -5.702    -0.46    1.45
 139777.240    -5.710    -0.03    1.45
 140065.932    -5.693     0.06    1.41
 140354.618    -5.766    -0.25    1.39
 140643.299    -5.892    -0.43    1.38
 140931.974    -5.902    -0.04    1.28
 141220.644    -6.029    -0.44    1.17
 141509.309    -6.153    -0.43    1.15
 141797.968    -6.169    -0.06    1.21
 142086.621    -6.317    -0.51    1.29
 142375.269    -6.202     0.40    1.47
 142663.911    -6.271    -0.24    1.59
 142952.548    -6.085     0.64    1.74
 143241.180    -5.892     0.67    1.72
 143529.806    -5.960    -0.24    1.74
 143818.427    -5.935     0.09    1.74
 144107.042    -6.251    -1.09    1.65
 144395.652    -6.409    -0.55    1.66
 144684.256    -6.524    -0.40    1.75
 144972.855    -6.589    -0.23    1.75
 145261.448    -6.049     1.87    2.38
 145550.036    -6.022     0.10    2.49
 145838.618    -5.788     0.81    2.48
 146127.195    -5.727     0.21    2.50
 146415.767    -5.354     1.29    2.59
 146704.333    -5.169     0.64    2.43
 146992.893    -5.476    -1.06    2.59
 147281.448    -6.049    -1.99    2.16
 147569.998    -6.252    -0.70    2.00
 147858.542    -6.519    -0.92    1.89
 148148.007    -6.919    -1.38    1.54
 148437.725    -7.236    -1.09    1.49
 148727.436    -7.170     0.23    1.45
 149017.143    -7.218    -0.17    1.54
 149306.843    -7.507    -1.00    1.38
 149596.539    -7.693    -0.64    1.44
 149886.228    -7.744    -0.18    1.42
 150175.913    -7.661     0.29    1.51
 150465.591    -7.744    -0.29    1.59
 150755.265    -7.694     0.17    1.58
 151044.933    -7.693     0.00    1.59
 151334.595    -7.598     0.33    1.69
 151624.252    -7.399     0.69    1.73
 151913.903    -7.369     0.10    2.05
 152203.549    -7.283     0.30    1.98
 152493.190    -7.166     0.40    2.03
 152782.825    -7.169    -0.01    1.91
 153072.454    -7.132     0.13    1.90
 153362.078    -6.912     0.76    1.75
 153651.697    -7.202    -1.00    1.59
 153941.310    -7.169     0.11    1.61
 154230.918    -6.982     0.65    2.04
 154520.520    -6.961     0.07    2.15
 154810.116    -6.858     0.36    2.24
 155099.708    -7.081    -0.77    2.30
 155389.294    -7.154    -0.25    2.26
 155678.874    -7.302    -0.51    2.17
 155968.449    -7.461    -0.55    1.69
 156258.018    -7.443     0.06    1.67
 156547.582    -7.319     0.43    1.60
 156837.141    -7.412    -0.32    1.64
 157126.694    -7.495    -0.29    1.71
 157416.242    -7.595    -0.35    1.70
 157705.784    -7.650    -0.19    1.70
 157995.321    -7.897    -0.85    1.72
 158284.852    -7.956    -0.20    1.67
 158574.378    -8.104    -0.51    1.55
 158863.898    -7.907     0.68    1.81
 159153.413    -7.904     0.01    1.70
 159442.923    -7.669     0.81    1.89
 159732.427    -7.529     0.48    1.87
 160021.926    -7.637    -0.37    2.05
 160311.419    -7.619     0.06    1.96
 160600.907    -8.054    -1.51    2.41
 160890.389    -8.340    -0.99    2.25
 161179.866    -8.321     0.07    2.15
 161469.338    -8.266     0.19    2.22
 161758.804    -7.931     1.16    2.29
 162048.265    -7.743     0.65    2.20
 162337.720    -7.921    -0.62    2.29
 162627.170    -7.710     0.73    1.97
 162916.614    -7.385     1.12    2.09
 163206.053    -7.087     1.03    2.32
 163495.487    -6.661     1.47    2.41
 163784.915    -6.304     1.23    2.50
 164074.338    -5.897     1.41    2.29
 164363.755    -5.852     0.16    2.28
 164653.167    -5.685     0.58    2.21
 164942.574    -5.761    -0.26    2.15
 165231.975    -5.912    -0.52    2.08
 165521.371    -6.087    -0.61    2.02
 165810.761    -6.015     0.25    1.93
 166100.146    -6.185    -0.59    2.14
 166389.525    -6.512    -1.13    2.18
 166678.900    -5.858     2.26    3.96
 166968.268    -5.857     0.00    4.03
 167257.632    -5.685     0.59    3.98
 167546.990    -5.616     0.24    4.03
 167836.342    -5.392     0.77    4.07
 168125.689    -5.218     0.60    3.84
 168415.031    -5.302    -0.29    3.71
 168704.368    -5.944    -2.22    2.22
 168993.698    -6.113    -0.58    2.20
 169283.024    -6.435    -1.12    2.07
 169572.344    -6.518    -0.28    1.78
 169861.659    -6.718    -0.69    1.62
 170150.969    -6.960    -0.84    1.43
 170440.273    -6.825     0.47    1.52
 170729.571    -6.575     0.86    1.51
 171018.865    -6.529     0.16    1.47
 171308.153    -6.284     0.85    1.55
 171597.435    -6.443    -0.55    1.65
 171886.712    -6.120     1.12    1.61
 172175.984    -6.085     0.12    1.58
 172465.251    -6.150    -0.22    1.55
 172754.512    -6.116     0.12    1.61
 173043.767    -6.152    -0.13    1.47
 173333.018    -6.089     0.22    1.36
 173622.263    -5.840     0.86    1.41
 173911.502    -5.612     0.79    1.41
 174200.737    -5.478     0.46    1.61
 174489.966    -5.744    -0.92    1.64
 174779.189    -5.825    -0.28    1.60
 175068.407    -6.052    -0.78    1.57
 175357.620    -6.089    -0.13    1.68
 175646.828    -6.149    -0.21    1.68
 175936.030    -6.185    -0.12    1.49
 176225.226    -6.113     0.25    1.52
 176514.418    -6.121    -0.03    1.52
 176803.604    -6.319    -0.68    1.40
 177092.785    -6.153     0.57    1.48
 177381.960    -5.823     1.14    1.72
 177671.130    -5.422     1.38    2.04
 177960.295    -5.152     0.93    2.07
 178249.454    -5.236    -0.29    2.11
 178538.608    -5.104     0.46    1.96
 178827.757    -5.202    -0.34    1.96
 179116.900    -5.581    -1.31    1.84
 179406.038    -5.880    -1.03    1.21
 179695.171    -6.022    -0.49    1.19
 179984.298    -6.041    -0.07    1.15
 180273.420    -6.029     0.04    1.29
 180562.537    -6.071    -0.14    1.43
 180851.648    -6.202    -0.45    1.43
 181140.754    -6.337    -0.47    1.42
 181429.855    -6.337     0.00    1.41
 181718.950    -6.513    -0.61    1.32
 182008.040    -6.428     0.30    1.36
 182297.125    -6.469    -0.14    1.35
 182586.204    -6.502    -0.12    1.28
 182875.278    -6.483     0.07    1.21
 183164.347    -6.645    -0.56    1.30
 183453.411    -6.507     0.48    1.39
 183742.469    -6.637    -0.45    1.37
 184031.522    -6.710    -0.25    1.30
 184320.569    -6.685     0.09    1.37
 184609.611    -6.694    -0.03    1.40
 184898.648    -6.535     0.55    1.34
 185187.680    -6.513     0.08    1.35
 185476.706    -6.581    -0.23    1.34
 185765.727    -6.552     0.10    1.48
 186054.743    -6.524     0.10    1.66
 186343.753    -6.267     0.89    2.02
 186632.758    -6.120     0.51    2.03
 186921.758    -6.032     0.30    2.13
 187210.753    -5.819     0.74    2.06
 187499.742    -5.702     0.40    2.10
 187788.726    -5.602     0.35    1.93
 188077.704    -5.736    -0.47    1.86
 188366.678    -5.805    -0.24    1.77
 188655.646    -5.907    -0.35    1.58
 188944.609    -5.727     0.62    1.58
 189233.566    -5.529     0.68    1.59
 189522.518    -5.529     0.00    1.76
 189811.465    -5.460     0.24    1.66
 190100.407    -5.702    -0.84    1.86
 190389.343    -6.105    -1.40    1.76
 190678.274    -6.337    -0.80    1.66
 190967.200    -6.564    -0.78    1.64
 191256.120    -6.541     0.08    1.55
 191545.036    -6.585    -0.15    1.58
 191833.946    -6.530     0.19    1.66
 192122.850    -6.529     0.00    1.58
 192411.750    -6.419     0.38    1.44
 192700.644    -6.047     1.29    1.77
 192989.533    -5.766     0.97    1.92
 193278.416    -5.652     0.40    1.96
 193567.295    -5.654    -0.01    1.96
 193856.168    -5.628     0.09    2.02
 194145.036    -5.535     0.32    2.00
 194433.898    -5.902    -1.27    1.92
 194722.756    -6.323    -1.46    1.68
 195011.608    -6.104     0.76    1.73
 195300.454    -6.253    -0.52    1.73
 195589.296    -6.185     0.23    1.80
 195878.132    -6.271    -0.30    1.73
 196166.963    -6.558    -0.99    1.75
 196455.789    -6.589    -0.11    1.63
 196744.610    -6.902    -1.08    1.64
 197033.425    -7.218    -1.09    1.40
 197322.235    -7.255    -0.13    1.34
 197611.040    -7.422    -0.58    1.12
 197899.840    -7.169     0.88    1.45
 198188.634    -6.960     0.72    1.65
 198477.423    -6.928     0.11    1.69
 198766.207    -6.846     0.28    1.52
 199054.985    -6.769     0.27    1.48
 199343.759    -6.823    -0.19    1.39
 199632.527    -6.902    -0.27    1.38
 199921.290    -7.135    -0.81    1.33
 200210.048    -7.043     0.32    1.41
 200498.800    -7.032     0.04    1.43
 200787.547    -7.150    -0.41    1.42
 201076.289    -7.202    -0.18    1.49
 201365.026    -7.116     0.30    1.66
 201653.758    -7.120    -0.01    1.50
 201942.484    -7.185    -0.22    1.49
 202231.205    -7.252    -0.23    1.57
 202519.921    -7.219     0.11    1.55
 202808.632    -7.100     0.41    1.51
 203097.337    -7.038     0.22    1.33
 203386.038    -7.087    -0.17    1.39
 203674.733    -7.297    -0.73    1.57
 203963.422    -7.488    -0.66    1.71
 204252.107    -7.802    -1.09    1.76
 204540.786    -8.098    -1.03    1.63
 204829.461    -8.043     0.19    1.65
 205118.130    -7.759     0.98    1.87
 205406.793    -7.585     0.60    1.78
 205695.452    -7.083     1.74    1.83
 205984.105    -6.744     1.17    1.74
 206272.754    -6.530     0.74    1.59
 206561.397    -6.271     0.90    1.50
 206850.034    -6.057     0.74    1.75
 207138.667    -6.071    -0.05    1.74
 207427.295    -6.340    -0.93    1.67
 207715.917    -6.426    -0.30    1.62
 208004.534    -6.512    -0.30    1.56
 208293.146    -6.481     0.11    1.53
 208581.752    -6.719    -0.83    1.44
 208870.354    -6.819    -0.34    1.37
 209158.950    -6.558     0.90    1.46
 209447.541    -6.478     0.28    1.50
 209736.127    -6.153     1.13    1.70
 210024.708    -6.152     0.00    1.66
 210313.824    -6.444    -1.01    1.77
 210603.519    -6.666    -0.77    1.82
 210893.209    -6.869    -0.70    1.85
 211182.893    -7.132    -0.91    1.91
 211472.573    -7.589    -1.58    1.80
 211762.247    -8.002    -1.43    1.55
 212051.916    -8.251    -0.86    1.40
 212341.580    -8.524    -0.94    1.31
 212631.239    -8.702    -0.61    1.20
 212920.892    -8.552     0.52    1.72
 213210.541    -8.461     0.32    1.80
 213500.184    -8.513    -0.18    1.67
 213789.822    -8.385     0.44    1.78
 214079.454    -8.426    -0.14    1.56
 214369.082    -8.374     0.18    1.58
 214658.704    -8.269     0.37    1.58
 214948.321    -8.283    -0.05    1.35
 215237.933    -8.150     0.46    1.36
 215527.539    -7.972     0.61    1.55
 215817.141    -7.934     0.13    1.47
 216106.737    -7.948    -0.05    1.41
 216396.328    -7.595     1.22    1.70
 216685.914    -7.135     1.59    1.90
 216975.494    -6.940     0.68    1.89
 217265.070    -6.833     0.37    1.70
 217554.640    -6.652     0.63    1.72
 217844.205    -6.547     0.36    1.88
 218133.765    -6.694    -0.51    1.95
 218423.320    -6.985    -1.01    1.90
 218712.869    -7.002    -0.06    2.05
 219002.414    -7.012    -0.04    2.19
 219291.953    -7.083    -0.25    2.18
 219581.487    -7.170    -0.30    2.24
 219871.016    -7.219    -0.17    2.11
 220160.539    -7.202     0.06    2.06
 220450.058    -7.219    -0.06    2.01
 220739.571    -7.288    -0.24    2.05
 221029.079    -7.270     0.06    2.03
 221318.582    -7.366    -0.33    1.99
 221608.080    -7.376    -0.04    1.96
 221897.572    -7.185     0.66    1.88
 222187.060    -6.802     1.32    2.23
 222476.542    -6.616     0.64    1.96
 222766.019    -6.635    -0.07    1.99
 223055.491    -6.185     1.55    2.06
 223344.958    -5.992     0.67    2.03
 223634.420    -5.726     0.92    1.89
 223923.876    -5.236     1.70    2.17
 224213.328    -5.185     0.17    2.14
 224502.774    -5.288    -0.36    2.30
 224792.215    -5.415    -0.44    2.46
 225081.651    -5.575    -0.55    2.46
 225371.081    -5.349     0.78    2.45
 225660.507    -5.357    -0.03    2.58
 225949.927    -5.585    -0.79    2.38
 226239.343    -5.686    -0.35    2.36
 226528.753    -5.552     0.46    2.32
 226818.158    -5.530     0.08    2.26
 227107.558    -5.851    -1.11    2.16
 227396.952    -6.202    -1.21    1.81
 227686.342    -6.119     0.29    1.92
 227975.726    -6.331    -0.73    1.77
 228265.106    -6.250     0.28    1.81
 228554.480    -6.152     0.34    2.04
 228843.849    -6.169    -0.06    2.00
 229133.213    -6.340    -0.59    1.85
 229422.572    -6.251     0.31    1.95
 229711.925    -6.469    -0.75    1.66
 230001.274    -6.662    -0.67    1.69
 230290.617    -6.785    -0.43    1.58
 230579.956    -7.116    -1.14    1.51
 230869.289    -6.948     0.58    1.94
 231158.617    -6.512     1.50    2.22
 231447.940    -6.333     0.62    2.24
 231737.258    -5.840     1.70    2.42
 232026.570    -4.998     2.91    2.52
 232315.878    -4.874     0.43    2.52
 232605.180    -4.880    -0.02    2.42
 232894.478    -5.041    -0.56    2.49
 233183.770    -5.371    -1.14    2.39
 233473.057    -6.035    -2.29    2.21
 233762.339    -6.658    -2.15    2.04
 234051.616    -6.778    -0.42    1.98
 234340.888    -6.819    -0.14    2.00
 234630.155    -6.726     0.32    1.97
 234919.416    -6.503     0.77    1.89
 235208.673    -6.287     0.75    2.05
 235497.924    -5.819     1.62    2.27
 235787.171    -5.062     2.62    2.43
 236076.412    -4.944     0.41    2.28
 236365.648    -4.819     0.43    2.23
 236654.879    -4.879    -0.21    2.20
 236944.105    -4.676     0.70    2.17
 237233.326    -5.254    -2.00    2.24
 237522.542    -5.702    -1.55    2.05
 237811.752    -6.150    -1.55    1.81
 238100.958    -6.431    -0.97    1.68
 238390.159    -6.736    -1.05    1.43
 238679.354    -6.660     0.27    1.52
 238968.544    -6.512     0.51    1.72
 239257.730    -6.083     1.48    1.97
 239546.910    -6.075     0.03    1.96
 239836.085    -5.919     0.54    1.93
 240125.255    -6.035    -0.40    1.92
 240414.420    -6.185    -0.52    1.88
 240703.580    -6.552    -1.27    1.80
 240992.735    -6.931    -1.31    1.60
 241281.885    -7.089    -0.55    1.43
 241571.029    -6.928     0.56    1.72
 241860.169    -6.685     0.84    1.87
 242149.304    -6.405     0.97    2.21
 242438.433    -5.869     1.86    2.71
 242727.557    -5.366     1.74    2.91
 243016.677    -5.052     1.09    2.87
 243305.791    -4.863     0.65    2.83
 243594.900    -4.846     0.06    2.72
 243884.005    -4.840     0.02    2.65
 244173.104    -5.333    -1.71    2.72
 244462.198    -6.151    -2.83    1.96
 244751.287    -6.743    -2.05    1.54
 245040.371    -6.805    -0.22    1.53
 245329.450    -6.863    -0.20    1.66
 245618.524    -6.961    -0.34    1.58
 245907.593    -7.102    -0.49    1.46
 246196.657    -7.408    -1.06    1.31
 246485.715    -7.585    -0.61    1.15
 246774.769    -7.219     1.27    1.64
 247063.818    -6.829     1.35    1.95
 247352.861    -6.252     2.00    2.11
 247641.900    -5.805     1.54    2.26
 247930.934    -5.718     0.30    2.29
 248219.962    -5.612     0.37    2.33
 248508.986    -5.619    -0.02    2.51
 248798.004    -5.771    -0.53    2.45
 249087.018    -5.851    -0.28    2.53
 249376.026    -6.005    -0.53    2.59
 249665.029    -6.269    -0.91    2.51
 249954.028    -6.481    -0.73    2.24
 250243.021    -6.569    -0.30    2.21
 250532.009    -6.805    -0.82    1.96
 250820.993    -6.835    -0.10    1.82
 251109.971    -6.829     0.02    1.83
 251398.944    -6.710     0.41    1.77
 251687.912    -6.702     0.03    1.70
 251976.876    -6.802    -0.35    1.39
 252265.834    -6.495     1.06    1.43
 252554.787    -6.412     0.29    1.55
 252843.735    -6.415    -0.01    1.61
 253132.678    -6.452    -0.13    1.59
 253421.617    -6.735    -0.98    1.48
 253710.550    -6.719     0.06    1.52
 253999.478    -6.702     0.06    1.51
 254288.401    -6.857    -0.54    1.36
 254577.319    -6.805     0.18    1.51
 254866.232    -6.727     0.27    1.50
 255155.140    -6.685     0.15    1.49
 255444.044    -6.650     0.12    1.48
 255732.942    -6.605     0.15    1.45
 256021.835    -6.702    -0.33    1.42
 256310.723    -6.869    -0.58    1.43
 256599.606    -7.008    -0.48    1.52
 256888.484    -7.015    -0.02    1.62
 257177.357    -6.978     0.13    1.67
 257466.226    -7.069    -0.31    1.67
 257755.089    -7.202    -0.46    1.90
 258043.947    -7.299    -0.33    1.98
 258332.800    -7.323    -0.08    1.98
 258621.649    -7.669    -1.20    1.66
 258910.492    -7.409     0.90    1.82
 259199.330    -7.481    -0.25    1.61
 259488.163    -7.317     0.57    1.70
 259776.992    -7.022     1.02    1.70
 260065.815    -6.743     0.96    1.87
 260354.634    -6.788    -0.16    1.87
 260643.447    -6.952    -0.57    1.81
 260932.255    -7.202    -0.87    1.71
 261221.059    -7.379    -0.61    1.56
 261509.857    -7.592    -0.74    1.45
 261798.651    -7.919    -1.13    1.24
 262087.439    -7.926    -0.03    1.20
 262376.223    -7.857     0.24    1.29
 262665.002    -7.750     0.37    1.30
 262953.775    -7.769    -0.06    1.20
 263242.544    -7.783    -0.05    1.14
 263531.308    -7.886    -0.36    1.07
 263820.067    -8.012    -0.44    1.02
 264108.820    -8.135    -0.43    1.04
 264397.569    -8.100     0.12    1.05
 264686.313    -8.121    -0.07    1.04
 264975.052    -8.116     0.02    1.06
 265263.786    -7.519     2.07    1.64
 265552.515    -7.426     0.32    1.84
 265841.240    -7.333     0.32    1.85
 266129.959    -7.335    -0.01    1.88
 266418.673    -7.382    -0.16    1.91
 266707.382    -7.563    -0.62    1.80
 266996.087    -7.892    -1.14    1.59
 267284.786    -8.285    -1.36    1.09
 267573.481    -8.185     0.35    1.21
 267862.170    -8.186    -0.00    1.18
 268150.855    -8.252    -0.23    1.14
 268439.534    -8.219     0.12    1.10
 268728.209    -8.185     0.12    1.12
 269016.879    -8.151     0.12    1.14
 269305.544    -8.412    -0.90    0.87
 269594.204    -8.052     1.25    1.58
 269882.859    -8.024     0.09    1.67
 270171.509    -7.640     1.33    1.83
 270460.154    -7.305     1.16    1.91
 270748.794    -7.321    -0.05    1.91
 271037.430    -7.251     0.24    1.85
 271326.060    -7.503    -0.87    1.65
 271614.686    -7.874    -1.28    1.36
 271903.306    -8.035    -0.56    1.18
 272191.922    -7.461     1.99    2.21
 272480.726    -7.302     0.55    2.36
 272770.401    -7.202     0.35    2.42
 273060.072    -6.815     1.34    2.40
 273349.738    -6.628     0.64    2.46
 273639.399    -6.323     1.05    2.50
 273929.055    -6.652    -1.14    2.34
 274218.706    -7.012    -1.24    2.13
 274508.352    -7.054    -0.15    2.08
 274797.993    -7.321    -0.92    1.95
 275087.629    -7.702    -1.32    1.76
 275377.260    -8.185    -1.67    1.24
 275666.887    -8.419    -0.81    1.11
 275956.508    -8.395     0.08    1.13
 276246.124    -8.235     0.55    1.18
 276535.736    -8.027     0.72    1.56
 276825.342    -7.395     2.18    1.99
 277114.944    -7.305     0.31    2.12
 277404.541    -7.252     0.18    2.10
 277694.132    -7.431    -0.62    2.14
 277983.719    -7.415     0.06    2.15
 278273.301    -7.581    -0.57    2.08
 278562.878    -7.752    -0.59    2.13
 278852.450    -7.553     0.69    2.20
 279142.017    -7.395     0.54    2.14
 279431.579    -7.335     0.21    1.98
 279721.137    -7.137     0.68    1.93
 280010.689    -7.185    -0.17    2.07
 280300.236    -7.166     0.07    2.03
 280589.779    -7.507    -1.18    1.71
 280879.316    -7.702    -0.67    1.72
 281168.849    -7.874    -0.59    1.66
 281458.377    -8.270    -1.37    1.48
 281747.900    -8.409    -0.48    1.15
 282037.418    -8.374     0.12    1.37
 282326.931    -8.609    -0.81    1.44
 282616.439    -8.783    -0.60    1.39
 282905.942    -8.965    -0.63    1.72
 283195.441    -9.085    -0.42    1.76
 283484.934    -8.961     0.43    1.88
 283774.423    -8.846     0.40    1.80
 284063.906    -8.628     0.75    1.87
 284353.385    -8.619     0.03    1.95
 284642.859    -8.524     0.32    1.78
 284932.328    -8.132     1.36    1.65
 285221.792    -7.852     0.97    1.83
 285511.251    -7.648     0.70    1.79
 285800.705    -7.686    -0.13    1.65
 286090.155    -7.652     0.12    1.51
 286379.599    -7.645     0.03    1.50
 286669.039    -7.650    -0.02    1.58
 286958.474    -7.798    -0.51    1.53
 287247.904    -7.685     0.39    1.57
 287537.329    -7.667     0.06    1.57
 287826.749    -7.628     0.14    1.61
 288116.164    -7.685    -0.20    1.61
 288405.574    -7.547     0.48    1.37
 288694.980    -7.598    -0.18    1.40
 288984.381    -7.752    -0.53    1.29
 289273.776    -7.847    -0.33    1.26
 289563.167    -7.909    -0.21    1.14
 289852.553    -8.104    -0.67    1.26
 290141.934    -8.202    -0.34    1.23
 290431.311    -8.337    -0.47    1.20
 290720.682    -8.513    -0.61    1.06
 291010.049    -8.287     0.78    1.19
 291299.410    -8.251     0.12    1.18
 291588.767    -8.307    -0.19    1.01
 291878.119    -8.319    -0.04    1.08
 292167.466    -8.202     0.40    1.15
 292456.808    -8.315    -0.39    1.17
 292746.146    -8.452    -0.47    1.14
 293035.478    -8.552    -0.35    1.18
 293324.806    -8.771    -0.76    1.04
 293614.129    -9.015    -0.85    0.71
 293903.447    -9.054    -0.13    0.68
 294192.760    -9.202    -0.51    0.00
 294482.068    -9.202     0.00    0.00
 294771.372    -9.202     0.00    0.00
 295060.670    -9.202     0.00    0.00
 295349.964    -9.202     0.00    0.00
 295639.253    -9.202     0.00    0.00
 295928.537    -9.202     0.00    0.00
 296217.816    -9.202     0.00    0.00
 296507.091    -9.202     0.00    0.00
 296796.360    -9.202     0.00    0.00
 297085.625    -9.202     0.00    0.00
 297374.885    -9.202     0.00    0.00
 297664.140    -9.202     0.00    0.00
 297953.391    -9.202     0.00    0.00
 298242.636    -9.202     0.00    0.00
 298531.877    -9.202     0.00    0.00
 298821.112    -9.202     0.00    0.00
 299110.343    -9.202     0.00    0.00
 299399.569    -9.202     0.00    0.00
 299688.791    -9.202     0.00    0.00
 299978.007    -9.202     0.00    0.00
 300267.219    -9.202     0.00    0.00
 300556.426    -9.202     0.00    0.00
 300845.628    -9.202     0.00    0.00
 301134.825    -9.202     0.00    0.00
 301424.018    -9.202     0.00    0.00
 301713.205    -9.202     0.00    0.00
 302002.388    -9.202     0.00    0.00
 302291.566    -9.202     0.00    0.00
 302580.739    -9.202     0.00    0.00
 302869.908    -9.202     0.00    0.00
 303159.071    -9.202     0.00    0.00
 303448.230    -9.202     0.00    0.00
 303737.384    -9.202     0.00    0.00
 304026.533    -9.202     0.00    0.00
 304315.678    -9.202     0.00    0.00
 304604.817    -9.202     0.00    0.00
 304893.952    -9.202     0.00    0.00
 305183.082    -9.202     0.00    0.00
 305472.207    -9.202     0.00    0.00
 305761.328    -9.202     0.00    0.00
 306050.443    -9.202     0.00    0.00
 306339.554    -9.202     0.00    0.00
 306628.660    -9.202     0.00    0.00
 306917.761    -9.202     0.00    0.00
 307206.858    -9.202     0.00    0.00
 307495.950    -9.202     0.00    0.00
 307785.037    -9.202     0.00    0.00
 308074.119    -9.202     0.00    0.00
 308363.196    -9.202     0.00    0.00
 308652.269    -9.202     0.00    0.00
 308941.337    -9.202     0.00    0.00
 309230.400    -9.202     0.00    0.00
 309519.458    -9.202     0.00    0.00
 309808.511    -9.202     0.00    0.00
 310097.560    -9.202     0.00    0.00
 310386.604    -9.202     0.00    0.00
 310675.643    -9.202     0.00    0.00
 310964.678    -9.202     0.00    0.00
 311253.707    -9.202     0.00    0.00
 311542.732    -9.202     0.00    0.00
 311831.753    -9.202     0.00    0.00
 312120.768    -9.202     0.00    0.00
 312409.779    -9.202     0.00    0.00
 312698.784    -9.202     0.00    0.00
 312987.786    -9.202     0.00    0.00
 313276.782    -9.202     0.00    0.00
 313565.774    -9.202     0.00    0.00
 313854.760    -9.202     0.00    0.00
 314143.743    -9.202     0.00    0.00
 314432.720    -9.202     0.00    0.00
 314721.693    -9.202     0.00    0.00
 315010.661    -9.202     0.00    0.00
 315299.624    -9.202     0.00    0.00
 315588.582    -9.202     0.00    0.00
 315877.536    -9.202     0.00    0.00
 316166.485    -9.202     0.00    0.00
 316455.429    -9.202     0.00    0.00
 316744.368    -9.202     0.00    0.00
 317033.303    -9.202     0.00    0.00
 317322.233    -9.202     0.00    0.00
 317611.158    -9.202     0.00    0.00
 317900.079    -9.202     0.00    0.00
 318188.995    -9.202     0.00    0.00
 318477.906    -9.202     0.00    0.00
 318766.812    -9.202     0.00    0.00
 319055.714    -9.202     0.00    0.00
 319344.610    -9.202     0.00    0.00
 319633.503    -9.202     0.00    0.00
 319922.390    -9.202     0.00    0.00
 320211.273    -9.202     0.00    0.00
 320500.151    -9.202     0.00    0.00
 320789.024    -9.202     0.00    0.00
 321077.893    -9.202     0.00    0.00
 321366.757    -9.202     0.00    0.00
 321655.616    -9.202     0.00    0.00
 321944.470    -9.202     0.00    0.00
 322233.320    -9.202     0.00    0.00
 322522.165    -9.202     0.00    0.00
 322811.005    -9.202     0.00    0.00
 323099.841    -9.202     0.00    0.00
 323388.672    -9.202     0.00    0.00
 323677.498    -9.202     0.00    0.00
 323966.319    -9.202     0.00    0.00
 324255.136    -9.202     0.00    0.00
 324543.948    -9.202     0.00    0.00
 324832.756    -9.202     0.00    0.00
 325121.558    -9.202     0.00    0.00
 325410.357    -9.202     0.00    0.00
 325699.150    -9.202     0.00    0.00
 325987.938    -9.202     0.00    0.00
 326276.722    -9.202     0.00    0.00
 326565.502    -9.202     0.00    0.00
 326854.276    -9.202     0.00    0.00
 327143.046    -9.202     0.00    0.00
 327431.811    -9.202     0.00    0.00
 327720.572    -9.202     0.00    0.00
 328009.328    -9.202     0.00    0.00
 328298.079    -9.202     0.00    0.00
 328586.825    -9.202     0.00    0.00
 328875.567    -9.202     0.00    0.00
 329164.304    -9.202     0.00    0.00
 329453.037    -9.202     0.00    0.00
 329741.765    -9.202     0.00    0.00
 330030.488    -9.202     0.00    0.00
 330319.206    -9.202     0.00    0.00
 330607.920    -9.202     0.00    0.00
 330896.629    -9.202     0.00    0.00
 331185.333    -9.202     0.00    0.00
 331474.033    -9.202     0.00    0.00
 331762.728    -9.202     0.00    0.00
 332051.419    -9.202     0.00    0.00
 332340.105    -9.202     0.00    0.00
 332628.786    -9.202     0.00    0.00
 332917.462    -9.202     0.00    0.00
 333206.134    -9.202     0.00    0.00
 333494.801    -9.202     0.00    0.00
 333783.464    -9.202     0.00    0.00
 334072.122    -9.202     0.00    0.00
 334360.775    -9.202     0.00    0.00
 334649.423    -9.202     0.00    0.00
 334938.960    -9.202     0.00    0.00
 335228.609    -9.202     0.00    0.00
 335518.253    -9.202     0.00    0.00
 335807.892    -9.202     0.00    0.00
 336097.526    -9.202     0.00    0.00
 336387.156    -9.202     0.00    0.00
 336676.781    -9.202     0.00    0.00
 336966.402    -9.202     0.00    0.00
 337256.018    -9.202     0.00    0.00
 337545.629    -9.202     0.00    0.00
 337835.235    -9.202     0.00    0.00
 338124.837    -9.202     0.00    0.00
 338414.434    -9.202     0.00    0.00
 338704.027    -9.202     0.00    0.00
 338993.615    -9.202     0.00    0.00
 339283.198    -9.202     0.00    0.00
 339572.776    -9.202     0.00    0.00
 339862.350    -9.202     0.00    0.00
 340151.919    -9.202     0.00    0.00
 340441.484    -9.202     0.00    0.00
 340731.044    -9.202     0.00    0.00
 341020.599    -9.202     0.00    0.00
 341310.150    -9.202     0.00    0.00
 341599.696    -9.202     0.00    0.00
 341889.237    -9.202     0.00    0.00
 342178.773    -9.202     0.00    0.00
 342468.305    -9.202     0.00    0.00
 342757.833    -9.202     0.00    0.00
 343047.356    -9.202     0.00    0.00
 343336.874    -9.202     0.00    0.00
 343626.387    -9.202     0.00    0.00
 343915.896    -9.202     0.00    0.00
 344205.400    -9.202     0.00    0.00
 344494.899    -9.202     0.00    0.00
 344784.394    -9.202     0.00    0.00
 345073.884    -9.202     0.00    0.00
 345363.370    -9.202     0.00    0.00
 345652.851    -9.202     0.00    0.00
 345942.327    -9.202     0.00    0.00
 346231.799    -9.202     0.00    0.00
 346521.266    -9.202     0.00    0.00
 346810.729    -9.202     0.00    0.00
 347100.186    -9.202     0.00    0.00
 347389.640    -9.202     0.00    0.00
 347679.088    -9.202     0.00    0.00
 347968.532    -9.202     0.00    0.00
 348257.972    -9.202     0.00    0.00
 348547.406    -9.202     0.00    0.00
 348836.836    -9.202     0.00    0.00
 349126.262    -9.202     0.00    0.00
 349415.683    -9.202     0.00    0.00
 349705.099    -9.202     0.00    0.00
 349994.511    -9.202     0.00    0.00
 350283.918    -9.202     0.00    0.00
 350573.320    -9.202     0.00    0.00
 350862.718    -9.202     0.00    0.00
 351152.111    -9.202     0.00    0.00
 351441.500    -9.202     0.00    0.00
 351730.884    -9.202     0.00    0.00
 352020.263    -9.202     0.00    0.00
 352309.638    -9.202     0.00    0.00
 352599.009    -9.202     0.00    0.00
 352888.374    -9.202     0.00    0.00
 353177.735    -9.202     0.00    0.00
 353467.092    -9.202     0.00    0.00
 353756.444    -9.202     0.00    0.00
 354045.791    -9.202     0.00    0.00
 354335.134    -9.202     0.00    0.00
 354624.472    -9.202     0.00    0.00
 354913.805    -9.202     0.00    0.00
 355203.134    -9.202     0.00    0.00
 355492.459    -9.202     0.00    0.00
 355781.778    -9.202     0.00    0.00
