-202533.835    12.555     0.00    3.32
-202244.894    12.745     0.66    3.12
-201955.960    13.377     2.19    2.80
-201667.032    13.344    -0.12    2.95
-201378.109    13.414     0.24    2.57
-201089.193    13.230    -0.64    2.62
-200800.283    13.077    -0.53    2.13
-200511.379    13.117     0.14    2.03
-200222.481    13.039    -0.27    2.07
-199933.589    13.380     1.18    2.20
-199644.703    13.491     0.39    2.09
-199355.823    13.711     0.76    2.01
-199066.950    13.746     0.12    1.98
-198778.082    13.328    -1.45    1.66
-198489.220    13.077    -0.87    1.99
-198200.365    12.768    -1.07    1.96
-197911.516    12.491    -0.96    2.19
-197622.672    12.311    -0.62    2.26
-197333.835    12.085    -0.78    2.30
-197045.004    12.097     0.04    2.21
-196756.179    12.226     0.44    1.99
-196467.359    12.077    -0.51    1.83
-196178.546    11.966    -0.39    1.80
-195889.739    11.704    -0.91    1.93
-195600.939    11.412    -1.01    2.00
-195312.144    11.081    -1.15    2.03
-195023.355    11.311     0.79    2.07
-194734.572    11.761     1.56    2.49
-194445.795    12.714     3.30    3.05
-194157.025    13.884     4.05    3.52
-193868.260    15.025     3.95    3.90
-193579.502    16.504     5.12    3.83
-193290.749    18.344     6.37    4.23
-193002.003    21.056     9.39    5.64
-192713.262    25.152    14.19    8.52
-192424.528    30.230    17.59   11.72
-192135.799    35.950    19.81   13.29
-191847.077    43.107    24.79   14.56
-191558.361    51.293    28.36   15.98
-191269.651    58.327    24.36   15.38
-190980.946    67.104    30.40   13.72
-190692.248    73.149    20.94   11.80
-190403.556    78.311    17.88    9.59
-190114.870    83.173    16.84    4.78
-189826.190    84.586     4.90    4.04
-189537.516    86.622     7.05    3.88
-189248.848    87.946     4.59    4.27
-188960.185    89.039     3.79    4.30
-188671.529    89.819     2.70    4.68
-188382.879    90.446     2.17    5.13
-188094.235    91.244     2.76    4.65
-187805.597    92.278     3.58    5.25
-187516.966    92.803     1.82    6.05
-187228.340    92.533    -0.93    7.09
-186939.720    91.977    -1.93    7.43
-186651.106    90.711    -4.39    8.23
-186362.498    88.767    -6.74    9.22
-186073.896    86.453    -8.02    9.83
-185785.300    84.127    -8.06    9.02
-185496.710    82.536    -5.51    8.60
-185208.126    82.344    -0.67    9.82
-184919.548    82.897     1.92   10.15
-184630.976    83.463     1.96    9.98
-184342.410    84.655     4.13    8.20
-184053.850    84.676     0.07    7.69
-183765.297    83.931    -2.58    7.00
-183476.749    81.704    -7.72    6.41
-183188.207    79.461    -7.78    6.36
-182899.671    76.802    -9.21    6.76
-182611.141    71.589   -18.07    9.83
-182322.617    66.688   -16.99   10.81
-182034.099    61.859   -16.74   10.94
-181745.587    57.011   -16.81   10.02
-181457.081    52.511   -15.60    8.84
-181168.581    48.150   -15.12    7.68
-180879.564    44.517   -12.57    7.86
-180589.776    41.770    -9.48    7.70
-180299.994    38.589   -10.98    6.22
-180010.219    36.158    -8.39    5.37
-179720.449    34.069    -7.21    5.39
-179430.685    32.196    -6.47    5.09
-179140.927    29.977    -7.66    4.33
-178851.175    28.504    -5.08    4.30
-178561.430    26.914    -5.49    4.04
-178271.690    25.261    -5.71    3.06
-177981.956    24.173    -3.76    2.40
-177692.228    23.638    -1.84    2.31
-177402.507    23.456    -0.63    2.22
-177112.791    23.246    -0.72    2.25
-176823.081    22.999    -0.85    2.45
-176533.378    22.586    -1.42    2.70
-176243.680    22.611     0.08    2.82
-175953.989    22.017    -2.05    2.65
-175664.303    21.179    -2.89    2.96
-175374.624    20.429    -2.59    2.67
-175084.950    19.548    -3.04    2.47
-174795.283    19.207    -1.18    2.57
-174505.621    18.694    -1.77    2.54
-174215.965    18.406    -0.99    2.81
-173926.316    18.444     0.13    2.90
-173636.672    18.694     0.86    2.97
-173347.035    18.717     0.08    2.87
-173057.403    18.994     0.95    2.79
-172767.778    19.511     1.78    2.96
-172478.158    19.811     1.04    2.67
-172188.545    19.866     0.19    2.41
-171898.937    19.894     0.10    2.25
-171609.336    19.989     0.33    2.29
-171319.740    19.679    -1.07    2.45
-171030.150    18.819    -2.97    2.41
-170740.567    17.994    -2.85    2.27
-170450.989    17.004    -3.42    2.21
-170161.418    16.227    -2.68    2.18
-169871.852    15.431    -2.75    2.47
-169582.292    14.861    -1.97    2.30
-169292.739    14.081    -2.69    2.19
-169003.191    13.644    -1.51    1.94
-168713.649    13.259    -1.33    1.56
-168424.113    12.794    -1.61    1.37
-168134.584    12.517    -0.95    1.20
-167845.060    12.261    -0.88    1.26
-167555.542    12.011    -0.87    1.29
-167266.030    11.977    -0.12    1.34
-166976.524    11.901    -0.26    1.33
-166687.024    11.836    -0.22    1.29
-166397.530    11.887     0.18    1.13
-166108.042    11.897     0.03    1.01
-165818.560    11.934     0.13    1.04
-165529.084    11.793    -0.48    1.03
-165239.614    11.577    -0.75    0.92
-164950.150    11.466    -0.39    0.85
-164660.691    11.378    -0.30    0.91
-164371.239    11.342    -0.12    0.78
-164081.793    11.377     0.12    1.09
-163792.352    11.423     0.16    1.29
-163502.918    11.311    -0.39    1.38
-163213.489    11.261    -0.17    1.50
-162924.067    11.243    -0.06    1.54
-162634.650    11.184    -0.20    1.55
-162345.240    11.261     0.27    1.62
-162055.835    11.163    -0.34    1.35
-161766.436    10.983    -0.62    1.30
-161477.043    11.022     0.14    1.31
-161187.656    10.977    -0.16    1.27
-160898.275    10.944    -0.12    1.22
-160608.900    10.940    -0.01    1.24
-160319.531    10.768    -0.59    1.39
-160030.168    10.690    -0.27    1.50
-159740.811    10.446    -0.84    1.58
-159451.459    10.327    -0.41    1.48
-159162.114    10.438     0.38    1.59
-158872.774    10.616     0.62    1.76
-158583.441    10.877     0.90    1.93
-158294.113    10.577    -1.04    1.88
-158004.792    10.411    -0.58    2.00
-157715.476    10.361    -0.17    2.01
-157426.166    10.117    -0.84    1.94
-157136.862     9.819    -1.03    1.88
-156847.564     9.650    -0.58    1.76
-156558.272     9.531    -0.41    1.82
-156268.985     9.650     0.41    1.82
-155979.705     9.425    -0.78    2.02
-155690.431     9.395    -0.10    2.00
-155401.162     9.016    -1.31    2.10
-155111.900     8.944    -0.25    2.07
-154822.643     8.828    -0.40    1.98
-154533.392     8.246    -2.01    1.71
-154244.147     8.261     0.05    1.70
-153954.908     8.246    -0.05    1.64
-153665.675     8.397     0.52    1.87
-153376.448     8.694     1.03    1.81
-153087.226     9.083     1.34    1.96
-152798.011     9.294     0.73    1.89
-152508.801     9.394     0.34    1.78
-152219.598     9.569     0.60    1.75
-151930.400     9.972     1.39    1.78
-151641.208    10.052     0.28    1.86
-151352.022    10.327     0.95    1.88
-151062.842    10.380     0.18    2.08
-150773.668    10.032    -1.20    2.40
-150484.499     9.862    -0.59    2.44
-150195.337     9.395    -1.62    2.46
-149906.180     9.345    -0.17    2.28
-149617.030     9.111    -0.81    2.33
-149327.885     9.120     0.03    2.34
-149038.746     9.111    -0.03    2.54
-148749.613     9.511     1.38    2.75
-148460.485     9.638     0.44    2.67
-148171.364     9.744     0.37    2.80
-147882.249    10.494     2.59    3.13
-147593.139    11.088     2.06    3.36
-147304.035    11.343     0.88    3.44
-147014.937    11.911     1.96    3.45
-146725.845    12.311     1.38    3.31
-146436.759    12.776     1.61    2.85
-146147.679    12.682    -0.33    2.77
-145858.604    12.344    -1.17    2.65
-145569.535    12.069    -0.95    2.28
-145280.473    11.793    -0.95    2.10
-144991.416    11.500    -1.01    1.98
-144702.365    11.531     0.11    2.03
-144413.319    11.425    -0.37    2.27
-144124.280    11.215    -0.73    2.12
-143835.247    10.724    -1.70    1.58
-143546.219    10.477    -0.86    1.52
-143257.197    10.194    -0.98    1.58
-142968.181    10.094    -0.35    1.66
-142679.171     9.734    -1.24    1.61
-142390.166     9.212    -1.81    1.59
-142101.168     8.940    -0.94    1.63
-141812.175     8.561    -1.31    1.78
-141523.188     8.161    -1.38    1.78
-141234.207     8.121    -0.14    1.65
-140945.232     8.032    -0.31    1.53
-140656.263     8.107     0.26    1.53
-140367.299     8.065    -0.15    1.63
-140078.342     8.158     0.32    1.78
-139789.390     8.086    -0.25    1.60
-139500.444     8.065    -0.08    1.50
-139211.504     8.111     0.16    1.33
-138922.569     8.198     0.30    1.34
-138633.641     8.380     0.63    1.41
-138344.718     8.644     0.92    1.43
-138055.801     8.966     1.11    1.54
-137766.890     9.311     1.19    1.52
-137477.985     9.536     0.78    1.69
-137189.085     9.934     1.37    2.06
-136900.191    10.294     1.25    2.05
-136611.303    10.500     0.71    2.07
-136322.421    10.494    -0.02    2.02
-136033.545    10.862     1.28    2.04
-135744.675    11.114     0.87    1.93
-135455.810    10.955    -0.55    1.70
-135166.951    10.717    -0.82    1.57
-134878.098    10.638    -0.27    1.57
-134589.251    10.394    -0.85    1.64
-134300.409    10.214    -0.62    1.50
-134011.573     9.994    -0.76    1.43
-133722.744     9.704    -1.00    1.33
-133433.919     9.609    -0.33    1.36
-133145.101     9.627     0.06    1.46
-132856.289     9.491    -0.47    1.51
-132567.482     9.422    -0.24    1.65
-132278.681     9.120    -1.04    1.66
-131989.886     8.917    -0.70    1.51
-131701.096     8.514    -1.40    1.47
-131412.313     8.155    -1.24    1.56
-131123.535     7.983    -0.60    1.42
-130834.763     7.683    -1.04    1.31
-130545.996     7.488    -0.68    1.43
-130257.236     7.311    -0.61    1.52
-129968.481     7.328     0.06    1.77
-129679.732     7.380     0.18    1.84
-129390.989     7.527     0.51    2.50
-129102.252     7.665     0.48    2.57
-128813.520     7.897     0.80    2.68
-128524.794     8.065     0.58    2.68
-128236.074     7.983    -0.28    2.15
-127947.360     7.887    -0.33    1.98
-127658.651     7.934     0.16    1.93
-127369.948     8.016     0.28    1.72
-127081.251     7.891    -0.43    1.64
-126792.560     7.517    -1.29    1.76
-126503.874     7.244    -0.95    1.83
-126215.194     7.364     0.42    1.73
-125926.520     7.391     0.09    1.80
-125637.852     7.212    -0.62    1.77
-125349.189     6.999    -0.74    1.76
-125060.533     6.904    -0.33    1.35
-124771.882     6.983     0.27    1.19
-124483.236     6.944    -0.14    1.10
-124194.597     7.138     0.67    1.22
-123905.963     7.245     0.37    1.17
-123617.335     7.190    -0.19    1.17
-123328.712     7.107    -0.29    1.26
-123040.096     7.090    -0.06    1.27
-122751.485     6.794    -1.03    1.28
-122462.880     6.787    -0.02    1.22
-122174.280     6.744    -0.15    1.13
-121885.687     6.901     0.54    1.35
-121597.099     6.673    -0.79    1.62
-121308.516     6.544    -0.45    1.70
-121019.940     6.517    -0.09    1.70
-120731.369     6.343    -0.61    1.82
-120442.804     6.376     0.12    2.07
-120154.245     6.244    -0.46    2.43
-119865.691     6.069    -0.61    2.20
-119577.143     5.955    -0.40    2.12
-119288.601     6.036     0.28    2.21
-119000.065     6.261     0.78    2.29
-118711.418     6.343     0.28    2.21
-118421.653     6.344     0.01    2.12
-118131.893     6.552     0.72    2.10
-117842.138     6.921     1.27    2.03
-117552.390     6.884    -0.13    2.17
-117262.647     6.596    -0.99    2.26
-116972.910     6.412    -0.64    2.21
-116683.179     6.394    -0.06    2.23
-116393.453     6.394     0.00    2.24
-116103.734     6.194    -0.69    2.24
-115814.020     5.836    -1.24    1.96
-115524.312     5.755    -0.28    2.01
-115234.609     5.507    -0.86    1.82
-114944.912     5.599     0.32    1.76
-114655.222     5.751     0.53    1.69
-114365.536     5.862     0.38    1.75
-114075.857     5.950     0.30    1.77
-113786.183     5.966     0.05    1.94
-113496.515     5.994     0.10    1.94
-113206.853     5.845    -0.51    2.01
-112917.197     5.938     0.32    1.80
-112627.546     6.020     0.29    1.95
-112337.901     6.261     0.83    1.79
-112048.262     6.359     0.34    1.46
-111758.628     6.328    -0.11    1.40
-111469.000     6.427     0.34    1.53
-111179.378     6.552     0.43    1.45
-110889.762     6.536    -0.05    1.67
-110600.151     6.327    -0.72    1.72
-110310.546     6.245    -0.28    1.78
-110020.947     5.989    -0.89    1.72
-109731.354     6.035     0.16    1.55
-109441.766     5.744    -1.00    1.48
-109152.184     5.621    -0.42    1.58
-108862.608     5.698     0.27    1.53
-108573.037     5.461    -0.82    1.47
-108283.473     5.224    -0.82    1.76
-107993.913     5.022    -0.70    1.71
-107704.360     4.688    -1.16    1.61
-107414.812     4.580    -0.37    1.46
-107125.270     4.759     0.62    1.50
-106835.734     5.127     1.27    1.86
-106546.203     5.361     0.81    2.23
-106256.679     5.444     0.29    2.37
-105967.159     5.446     0.01    2.42
-105677.646     5.212    -0.81    2.49
-105388.138     4.891    -1.11    2.41
-105098.636     4.394    -1.72    1.97
-104809.140     4.377    -0.06    1.73
-104519.649     4.345    -0.11    1.62
-104230.164     4.097    -0.86    1.67
-103940.685     4.022    -0.26    1.62
-103651.211     3.852    -0.59    1.66
-103361.744     3.776    -0.26    1.67
-103072.281     3.776     0.00    1.82
-102782.825     3.475    -1.04    1.93
-102493.374     3.444    -0.11    1.86
-102203.929     3.198    -0.85    1.93
-101914.489     3.453     0.88    2.02
-101625.056     3.244    -0.72    2.17
-101335.628     3.035    -0.72    2.18
-101046.205     3.423     1.34    2.33
-100756.788     3.491     0.23    2.28
-100467.377     3.622     0.45    2.33
-100177.972     3.802     0.62    2.31
 -99888.572     3.759    -0.15    2.22
 -99599.178     3.671    -0.30    2.24
 -99309.790     3.431    -0.83    2.38
 -99020.407     3.117    -1.09    2.25
 -98731.030     3.077    -0.14    2.29
 -98441.659     2.759    -1.10    2.36
 -98152.293     2.500    -0.89    2.48
 -97862.933     2.638     0.48    2.76
 -97573.579     2.714     0.26    2.94
 -97284.230     2.759     0.16    2.92
 -96994.887     2.934     0.60    2.76
 -96705.549     3.121     0.65    2.64
 -96416.218     3.548     1.48    2.67
 -96126.891     3.934     1.33    2.62
 -95837.571     4.081     0.51    2.43
 -95548.256     4.311     0.79    2.42
 -95258.947     4.845     1.85    2.42
 -94969.644     4.844    -0.00    2.38
 -94680.346     5.186     1.18    2.50
 -94391.053     5.182    -0.01    2.53
 -94101.767     5.411     0.79    2.74
 -93812.486     5.458     0.16    2.64
 -93523.211     5.412    -0.16    2.53
 -93233.941     5.535     0.42    2.63
 -92944.677     5.130    -1.40    2.31
 -92655.419     4.742    -1.34    2.44
 -92366.166     4.327    -1.43    2.49
 -92076.919     4.000    -1.13    2.75
 -91787.677     3.327    -2.33    2.81
 -91498.441     3.177    -0.52    2.95
 -91209.211     3.507     1.14    3.35
 -90919.987     3.469    -0.13    3.30
 -90630.768     3.911     1.53    3.28
 -90341.554     4.294     1.33    3.23
 -90052.347     4.717     1.46    3.02
 -89763.144     4.494    -0.77    2.81
 -89473.948     4.207    -0.99    2.28
 -89184.757     4.041    -0.58    1.66
 -88895.572     3.950    -0.31    1.59
 -88606.392     3.836    -0.39    1.42
 -88317.218     3.828    -0.03    1.39
 -88028.050     3.707    -0.42    1.56
 -87738.887     3.423    -0.98    1.82
 -87449.730     3.311    -0.39    1.74
 -87160.578     3.020    -1.00    1.74
 -86871.432     2.802    -0.75    1.74
 -86582.292     2.983     0.63    1.96
 -86293.157     3.111     0.44    1.99
 -86004.028     3.393     0.98    2.25
 -85714.904     3.682     1.00    2.44
 -85425.786     3.776     0.33    2.56
 -85136.674     4.077     1.04    2.71
 -84847.567     4.012    -0.22    2.87
 -84558.466     3.950    -0.22    2.83
 -84269.370     3.727    -0.77    2.57
 -83980.280     3.311    -1.44    2.29
 -83691.196     3.444     0.46    2.32
 -83402.117     3.707     0.91    2.04
 -83113.044     3.955     0.86    2.25
 -82823.976     4.517     1.95    2.21
 -82534.914     4.917     1.38    2.19
 -82245.858     5.276     1.24    1.96
 -81956.807     5.514     0.82    1.98
 -81667.761     5.811     1.03    1.88
 -81378.722     5.972     0.56    1.77
 -81089.688     5.633    -1.17    1.84
 -80800.659     5.556    -0.27    1.89
 -80511.636     5.263    -1.02    1.75
 -80222.618     4.942    -1.11    1.59
 -79933.607     4.794    -0.51    1.52
 -79644.600     4.785    -0.03    1.48
 -79355.599     4.819     0.12    1.45
 -79066.604     4.891     0.25    1.48
 -78777.615     4.819    -0.25    1.50
 -78488.631     4.785    -0.12    1.59
 -78199.652     4.673    -0.39    1.53
 -77910.679     4.573    -0.35    1.62
 -77621.712     4.683     0.38    1.89
 -77332.750     4.794     0.38    1.91
 -77043.794     4.737    -0.20    1.83
 -76754.843     5.155     1.45    2.17
 -76465.898     5.397     0.84    2.08
 -76176.958     5.327    -0.24    2.25
 -75888.024     5.294    -0.11    2.26
 -75599.096     5.121    -0.60    2.21
 -75310.173     4.950    -0.59    2.21
 -75021.255     4.500    -1.56    2.33
 -74732.343     4.412    -0.30    2.15
 -74443.437     4.507     0.33    2.24
 -74154.536     4.196    -1.08    2.15
 -73865.641     4.101    -0.33    2.20
 -73576.751     3.995    -0.37    2.18
 -73287.867     4.027     0.11    2.19
 -72998.988     4.025    -0.01    2.02
 -72710.115     3.794    -0.80    1.97
 -72421.248     3.694    -0.35    1.61
 -72132.386     3.720     0.09    1.46
 -71843.529     3.742     0.07    1.42
 -71554.678     3.776     0.12    1.57
 -71265.833     3.727    -0.17    1.52
 -70976.993     3.724    -0.01    1.55
 -70688.158     3.868     0.50    1.58
 -70399.329     3.931     0.22    1.65
 -70110.506     3.921    -0.04    1.63
 -69821.688     3.700    -0.76    1.47
 -69532.876     3.556    -0.50    1.47
 -69244.069     3.692     0.47    1.36
 -68955.268     3.361    -1.15    1.50
 -68666.472     3.461     0.35    1.51
 -68377.681     3.427    -0.12    1.58
 -68088.897     3.394    -0.12    1.74
 -67800.117     3.378    -0.05    1.78
 -67511.344     3.278    -0.35    1.85
 -67222.575     3.133    -0.50    1.72
 -66933.813     3.511     1.31    1.62
 -66645.055     3.293    -0.75    1.46
 -66356.304     3.346     0.18    1.39
 -66067.557     3.184    -0.56    1.43
 -65778.817     3.061    -0.43    1.46
 -65490.081     3.069     0.03    1.45
 -65201.352     2.944    -0.43    1.51
 -64912.627     2.811    -0.46    1.45
 -64623.908     2.777    -0.12    1.46
 -64335.195     2.819     0.14    1.41
 -64046.487     2.746    -0.25    1.39
 -63757.785     2.621    -0.43    1.38
 -63469.088     2.611    -0.04    1.28
 -63180.397     2.483    -0.44    1.17
 -62891.711     2.360    -0.43    1.15
 -62603.031     2.343    -0.06    1.21
 -62314.356     2.196    -0.51    1.29
 -62025.686     2.311     0.40    1.47
 -61737.022     2.242    -0.24    1.59
 -61448.364     2.427     0.64    1.74
 -61159.711     2.621     0.67    1.72
 -60871.063     2.553    -0.24    1.74
 -60582.421     2.577     0.09    1.74
 -60293.785     2.261    -1.09    1.65
 -60005.154     2.104    -0.55    1.66
 -59716.528     1.989    -0.40    1.75
 -59427.908     1.923    -0.23    1.75
 -59139.293     2.463     1.87    2.38
 -58850.684     2.491     0.10    2.49
 -58562.080     2.749     0.89    2.49
 -58273.482     2.785     0.12    2.50
 -57984.889     3.158     1.29    2.59
 -57696.301     3.343     0.64    2.43
 -57407.719     3.036    -1.06    2.59
 -57119.143     2.463    -1.99    2.16
 -56830.572     2.261    -0.70    2.00
 -56542.006     1.994    -0.92    1.89
 -56252.513     1.594    -1.38    1.54
 -55962.775     1.277    -1.09    1.49
 -55673.041     1.343     0.23    1.45
 -55383.314     1.294    -0.17    1.54
 -55093.592     1.006    -1.00    1.38
 -54803.875     0.819    -0.64    1.44
 -54514.164     0.793    -0.09    1.42
 -54224.458     0.852     0.20    1.51
 -53934.758     0.768    -0.29    1.59
 -53645.063     0.819     0.17    1.58
 -53355.374     0.819     0.00    1.59
 -53065.690     0.914     0.33    1.69
 -52776.012     1.114     0.69    1.73
 -52486.339     1.144     0.10    2.05
 -52196.672     1.230     0.30    1.98
 -51907.010     1.346     0.40    2.03
 -51617.353     1.344    -0.01    1.91
 -51327.703     1.381     0.13    1.90
 -51038.057     1.601     0.76    1.75
 -50748.417     1.376    -0.78    1.66
 -50458.783     1.343    -0.11    1.61
 -50169.154     1.531     0.65    2.04
 -49879.530     1.552     0.07    2.15
 -49589.912     1.655     0.36    2.24
 -49300.299     1.431    -0.77    2.30
 -49010.692     1.359    -0.25    2.26
 -48721.091     1.211    -0.51    2.17
 -48431.494     1.052    -0.55    1.69
 -48141.904     1.069     0.06    1.67
 -47852.318     1.194     0.43    1.60
 -47562.738     1.101    -0.32    1.64
 -47273.164     1.017    -0.29    1.71
 -46983.595     0.917    -0.35    1.70
 -46694.032     0.836    -0.28    1.70
 -46404.474     0.616    -0.76    1.72
 -46114.921     0.556    -0.20    1.67
 -45825.374     0.409    -0.51    1.55
 -45535.832     0.606     0.68    1.81
 -45246.296     0.582    -0.08    1.68
 -44956.765     0.844     0.91    1.89
 -44667.240     0.983     0.48    1.87
 -44377.720     0.852    -0.45    2.05
 -44088.205     0.894     0.15    1.96
 -43798.696     0.458    -1.51    2.41
 -43509.192     0.173    -0.99    2.25
 -43219.694     0.192     0.07    2.15
 -42930.201     0.246     0.19    2.22
 -42640.714     0.582     1.16    2.29
 -42351.232     0.770     0.65    2.20
 -42061.756     0.591    -0.62    2.29
 -41772.285     0.802     0.73    1.97
 -41482.819     1.127     1.12    2.09
 -41193.359     1.425     1.03    2.32
 -40903.904     1.852     1.47    2.41
 -40614.455     2.209     1.23    2.50
 -40325.011     2.616     1.41    2.29
 -40035.572     2.661     0.16    2.28
 -39746.139     2.827     0.58    2.21
 -39456.711     2.751    -0.26    2.15
 -39167.289     2.601    -0.52    2.08
 -38877.872     2.425    -0.61    2.02
 -38588.460     2.497     0.25    1.93
 -38299.054     2.328    -0.59    2.14
 -38009.654     2.000    -1.13    2.18
 -37720.258     2.655     2.26    3.96
 -37430.869     2.655     0.00    4.03
 -37141.484     2.827     0.59    3.98
 -36852.105     2.897     0.24    4.03
 -36562.731     3.121     0.77    4.07
 -36273.363     3.294     0.60    3.84
 -35984.000     3.211    -0.29    3.71
 -35694.643     2.569    -2.22    2.22
 -35405.291     2.400    -0.58    2.20
 -35115.944     2.077    -1.12    2.07
 -34826.603     1.995    -0.28    1.78
 -34537.267     1.794    -0.69    1.62
 -34247.936     1.553    -0.84    1.43
 -33958.611     1.688     0.47    1.52
 -33669.291     1.938     0.86    1.51
 -33379.977     1.983     0.16    1.47
 -33090.668     2.229     0.85    1.55
 -32801.364     2.069    -0.55    1.65
 -32512.066     2.393     1.12    1.61
 -32222.773     2.427     0.12    1.58
 -31933.486     2.362    -0.22    1.55
 -31644.204     2.397     0.12    1.61
 -31354.927     2.361    -0.13    1.47
 -31065.656     2.423     0.22    1.36
 -30776.390     2.673     0.86    1.41
 -30487.129     2.901     0.79    1.41
 -30197.874     3.035     0.46    1.61
 -29908.624     2.768    -0.92    1.64
 -29619.379     2.688    -0.28    1.60
 -29330.140     2.458    -0.79    1.56
 -29040.906     2.442    -0.06    1.69
 -28751.678     2.363    -0.27    1.68
 -28462.455     2.327    -0.12    1.49
 -28173.237     2.398     0.25    1.50
 -27884.025     2.391    -0.02    1.52
 -27594.818     2.194    -0.68    1.40
 -27305.616     2.360     0.57    1.48
 -27016.420     2.690     1.14    1.72
 -26727.229     3.090     1.38    2.04
 -26438.043     3.327     0.82    2.07
 -26148.863     3.243    -0.29    2.11
 -25859.688     3.409     0.57    1.96
 -25570.518     3.311    -0.34    1.96
 -25281.354     2.931    -1.31    1.84
 -24992.195     2.633    -1.03    1.21
 -24703.042     2.491    -0.49    1.19
 -24413.894     2.472    -0.07    1.15
 -24124.751     2.531     0.20    1.33
 -23835.613     2.442    -0.31    1.43
 -23546.481     2.311    -0.45    1.43
 -23257.354     2.175    -0.47    1.42
 -22968.232     2.175     0.00    1.41
 -22679.116     1.999    -0.61    1.32
 -22390.005     2.097     0.34    1.37
 -22100.900     2.044    -0.19    1.35
 -21811.799     2.011    -0.12    1.28
 -21522.704     1.983    -0.10    1.25
 -21233.615     1.868    -0.40    1.30
 -20944.531     2.006     0.48    1.39
 -20655.452     1.875    -0.45    1.37
 -20366.378     1.802    -0.25    1.30
 -20077.310     1.828     0.09    1.37
 -19788.247     1.819    -0.03    1.40
 -19499.189     1.977     0.55    1.34
 -19210.136     1.999     0.08    1.35
 -18921.089     1.931    -0.23    1.34
 -18632.048     1.961     0.10    1.48
 -18343.011     1.989     0.10    1.66
 -18053.980     2.245     0.89    2.02
 -17764.954     2.393     0.51    2.03
 -17475.933     2.480     0.30    2.13
 -17186.918     2.694     0.74    2.06
 -16897.908     2.811     0.40    2.10
 -16608.904     2.911     0.35    1.93
 -16319.904     2.776    -0.47    1.86
 -16030.910     2.707    -0.24    1.77
 -15741.921     2.606    -0.35    1.58
 -15452.938     2.785     0.62    1.58
 -15163.960     2.983     0.68    1.59
 -14874.987     3.006     0.08    1.75
 -14586.019     3.065     0.20    1.67
 -14297.057     2.811    -0.88    1.86
 -14008.100     2.407    -1.40    1.76
 -13719.148     2.175    -0.80    1.66
 -13430.201     1.949    -0.78    1.64
 -13141.260     1.994     0.16    1.55
 -12852.324     1.927    -0.23    1.58
 -12563.394     1.983     0.19    1.66
 -12274.468     1.983     0.00    1.58
 -11985.548     2.094     0.38    1.44
 -11696.633     2.504     1.42    1.76
 -11407.724     2.720     0.75    1.93
 -11118.819     2.861     0.49    1.96
 -10829.920     2.859    -0.01    1.96
 -10541.027     2.884     0.09    2.02
 -10252.138     2.977     0.32    2.00
  -9963.255     2.611    -1.27    1.92
  -9674.377     2.190    -1.46    1.68
  -9385.504     2.409     0.76    1.73
  -9096.637     2.260    -0.52    1.73
  -8807.775     2.276     0.06    1.77
  -8518.918     2.242    -0.12    1.73
  -8230.066     1.977    -0.92    1.74
  -7941.220     1.923    -0.19    1.63
  -7652.378     1.611    -1.08    1.64
  -7363.543     1.294    -1.09    1.40
  -7074.712     1.258    -0.13    1.34
  -6785.886     1.090    -0.58    1.12
  -6497.066     1.344     0.88    1.45
  -6208.251     1.553     0.72    1.65
  -5919.442     1.565     0.04    1.68
  -5630.637     1.627     0.22    1.53
  -5341.838     1.744     0.40    1.48
  -5053.044     1.690    -0.19    1.39
  -4764.255     1.611    -0.27    1.38
  -4475.472     1.377    -0.81    1.33
  -4186.694     1.469     0.32    1.41
  -3897.921     1.444    -0.09    1.44
  -3609.153     1.362    -0.28    1.42
  -3320.390     1.311    -0.18    1.49
  -3031.633     1.397     0.30    1.66
  -2742.881     1.393    -0.01    1.50
  -2454.134     1.328    -0.22    1.49
  -2165.392     1.261    -0.23    1.57
  -1876.656     1.293     0.11    1.55
  -1587.925     1.412     0.41    1.51
  -1299.199     1.488     0.26    1.32
  -1010.478     1.425    -0.22    1.39
   -721.763     1.215    -0.73    1.57
   -433.052     1.025    -0.66    1.71
   -144.347     0.711    -1.09    1.76
    144.353     0.412    -1.03    1.62
    433.047     0.469     0.20    1.65
    721.737     0.778     1.07    1.86
   1010.421     0.927     0.52    1.78
   1299.100     1.429     1.74    1.83
   1587.774     1.768     1.17    1.74
   1876.443     1.983     0.74    1.59
   2165.106     2.242     0.90    1.50
   2453.764     2.456     0.74    1.75
   2742.417     2.442    -0.05    1.74
   3031.065     2.173    -0.93    1.67
   3319.708     2.086    -0.30    1.62
   3608.345     2.000    -0.30    1.56
   3896.977     2.032     0.11    1.53
   4185.604     1.793    -0.83    1.44
   4474.226     1.694    -0.34    1.37
   4762.843     1.955     0.90    1.46
   5051.454     2.035     0.28    1.50
   5340.061     2.360     1.13    1.70
   5628.662     2.361     0.00    1.66
   5917.804     2.069    -1.01    1.77
   6207.520     1.846    -0.77    1.82
   6497.230     1.644    -0.70    1.85
   6786.935     1.381    -0.91    1.91
   7076.635     0.923    -1.58    1.80
   7366.330     0.511    -1.43    1.55
   7656.020     0.261    -0.86    1.40
   7945.704    -0.011    -0.94    1.31
   8235.383    -0.189    -0.61    1.20
   8525.057    -0.039     0.52    1.72
   8814.726     0.052     0.32    1.80
   9104.389    -0.001    -0.18    1.67
   9394.047     0.127     0.44    1.78
   9683.700     0.086    -0.14    1.56
   9973.348     0.138     0.18    1.58
  10262.991     0.244     0.37    1.58
  10552.628     0.230    -0.05    1.35
  10842.260     0.362     0.46    1.36
  11131.887     0.540     0.61    1.55
  11421.509     0.578     0.13    1.47
  11711.126     0.565    -0.05    1.41
  12000.737     0.917     1.22    1.70
  12290.343     1.377     1.59    1.90
  12579.944     1.573     0.68    1.89
  12869.540     1.679     0.37    1.70
  13159.130     1.861     0.63    1.72
  13448.716     1.966     0.36    1.88
  13738.296     1.819    -0.51    1.95
  14027.871     1.527    -1.01    1.90
  14317.441     1.514    -0.05    2.07
  14607.006     1.500    -0.05    2.19
  14896.565     1.429    -0.25    2.18
  15186.119     1.343    -0.30    2.24
  15475.668     1.294    -0.17    2.11
  15765.212     1.311     0.06    2.06
  16054.751     1.293    -0.06    2.01
  16344.285     1.224    -0.24    2.05
  16633.813     1.243     0.06    2.03
  16923.336     1.147    -0.33    1.99
  17212.854     1.133    -0.05    1.98
  17502.367     1.328     0.67    1.88
  17791.875     1.711     1.32    2.23
  18081.377     1.897     0.64    1.96
  18370.875     1.877    -0.07    1.99
  18660.367     2.327     1.55    2.06
  18949.854     2.549     0.76    2.03
  19239.336     2.786     0.82    1.89
  19528.813     3.293     1.75    2.19
  19818.284     3.327     0.12    2.14
  20107.751     3.224    -0.36    2.30
  20397.212     3.097    -0.44    2.46
  20686.668     2.938    -0.55    2.46
  20976.119     3.163     0.78    2.45
  21265.565     3.155    -0.03    2.58
  21555.005     2.927    -0.79    2.38
  21844.441     2.827    -0.35    2.36
  22133.871     2.961     0.46    2.32
  22423.296     2.983     0.08    2.26
  22712.716     2.661    -1.11    2.16
  23002.131     2.311    -1.21    1.81
  23291.541     2.394     0.29    1.92
  23580.945     2.182    -0.73    1.77
  23870.345     2.263     0.28    1.81
  24159.739     2.361     0.34    2.04
  24449.128     2.344    -0.06    2.00
  24738.512     2.173    -0.59    1.85
  25027.891     2.262     0.31    1.94
  25317.265     2.044    -0.75    1.66
  25606.634     1.850    -0.67    1.69
  25895.997     1.727    -0.43    1.58
  26185.356     1.397    -1.14    1.51
  26474.709     1.565     0.58    1.94
  26764.057     2.000     1.50    2.22
  27053.400     2.179     0.62    2.24
  27342.738     2.673     1.70    2.42
  27632.071     3.514     2.91    2.52
  27921.399     3.638     0.43    2.52
  28210.721     3.633    -0.02    2.42
  28500.039     3.472    -0.56    2.49
  28789.351     3.141    -1.14    2.39
  29078.658     2.477    -2.29    2.21
  29367.960     1.854    -2.15    2.04
  29657.257     1.734    -0.42    1.98
  29946.549     1.694    -0.14    2.00
  30235.836     1.787     0.32    1.97
  30525.117     2.009     0.77    1.89
  30814.394     2.226     0.75    2.05
  31103.665     2.694     1.62    2.27
  31392.932     3.451     2.62    2.43
  31682.193     3.549     0.34    2.26
  31971.449     3.694     0.50    2.23
  32260.700     3.633    -0.21    2.20
  32549.946     3.836     0.70    2.17
  32839.187     3.259    -2.00    2.24
  33128.423     2.811    -1.55    2.05
  33417.653     2.362    -1.55    1.81
  33706.879     2.081    -0.97    1.68
  33996.100     1.776    -1.05    1.43
  34285.315     1.853     0.27    1.52
  34574.525     2.000     0.51    1.72
  34863.730     2.429     1.48    1.97
  35152.931     2.438     0.03    1.96
  35442.126     2.594     0.54    1.93
  35731.316     2.477    -0.40    1.92
  36020.501     2.328    -0.52    1.88
  36309.680     1.961    -1.27    1.80
  36598.855     1.582    -1.31    1.60
  36888.025     1.423    -0.55    1.43
  37177.189     1.585     0.56    1.72
  37466.349     1.827     0.84    1.87
  37755.504     2.121     1.02    2.23
  38044.653     2.644     1.81    2.71
  38333.797     3.147     1.74    2.91
  38622.937     3.461     1.09    2.87
  38912.071     3.688     0.79    2.84
  39201.200     3.667    -0.07    2.72
  39490.324     3.673     0.02    2.65
  39779.443     3.179    -1.71    2.72
  40068.557     2.361    -2.83    1.96
  40357.666     1.770    -2.05    1.54
  40646.770     1.707    -0.22    1.53
  40935.868     1.627    -0.28    1.65
  41224.962     1.552    -0.26    1.58
  41514.051     1.393    -0.55    1.45
  41803.135     1.104    -1.00    1.31
  42092.213     0.927    -0.61    1.15
  42381.287     1.294     1.27    1.64
  42670.355     1.683     1.35    1.95
  42959.419     2.261     2.00    2.11
  43248.477     2.707     1.54    2.26
  43537.530     2.794     0.30    2.29
  43826.579     2.901     0.37    2.33
  44115.622     2.836    -0.22    2.49
  44404.660     2.742    -0.33    2.45
  44693.694     2.661    -0.28    2.53
  44982.722     2.507    -0.53    2.59
  45271.745     2.244    -0.91    2.51
  45560.763     2.032    -0.73    2.24
  45849.776     1.944    -0.30    2.21
  46138.784     1.707    -0.82    1.96
  46427.787     1.677    -0.10    1.82
  46716.785     1.677     0.00    1.81
  47005.778     1.843     0.57    1.78
  47294.766     1.811    -0.11    1.70
  47583.749     1.711    -0.35    1.39
  47872.727     2.017     1.06    1.43
  48161.700     2.097     0.28    1.56
  48450.668     2.097     0.00    1.61
  48739.631     2.061    -0.13    1.59
  49028.589     1.777    -0.98    1.48
  49317.542     1.793     0.06    1.52
  49606.489     1.811     0.06    1.51
  49895.432     1.655    -0.54    1.36
  50184.370     1.707     0.18    1.51
  50473.303     1.785     0.27    1.50
  50762.231     1.853     0.23    1.49
  51051.153     1.862     0.03    1.48
  51340.071     1.907     0.15    1.45
  51628.984     1.811    -0.33    1.42
  51917.892     1.644    -0.58    1.43
  52206.795     1.485    -0.55    1.52
  52495.692     1.497     0.04    1.62
  52784.585     1.535     0.13    1.67
  53073.473     1.444    -0.31    1.67
  53362.356     1.311    -0.46    1.90
  53651.234     1.214    -0.33    1.98
  53940.107     1.190    -0.08    1.98
  54228.975     0.844    -1.20    1.66
  54517.837     1.104     0.90    1.82
  54806.695     1.032    -0.25    1.61
  55095.548     1.196     0.57    1.70
  55384.396     1.491     1.02    1.70
  55673.239     1.770     0.96    1.87
  55962.077     1.724    -0.16    1.87
  56250.910     1.561    -0.57    1.81
  56539.738     1.311    -0.87    1.71
  56828.561     1.133    -0.61    1.56
  57117.379     0.921    -0.74    1.45
  57406.192     0.594    -1.13    1.24
  57695.000     0.586    -0.03    1.20
  57983.803     0.655     0.24    1.29
  58272.602     0.762     0.37    1.30
  58561.395     0.744    -0.06    1.20
  58850.183     0.707    -0.13    1.14
  59138.966     0.626    -0.28    1.07
  59427.745     0.500    -0.44    1.02
  59716.518     0.377    -0.43    1.04
  60005.286     0.412     0.12    1.05
  60294.050     0.376    -0.13    1.05
  60582.808     0.397     0.07    1.06
  60871.562     0.994     2.07    1.64
  61160.311     1.086     0.32    1.84
  61449.054     1.179     0.32    1.85
  61737.793     1.177    -0.01    1.88
  62026.527     1.130    -0.16    1.91
  62315.255     0.950    -0.62    1.80
  62603.979     0.621    -1.14    1.59
  62892.698     0.227    -1.36    1.09
  63181.412     0.328     0.35    1.21
  63470.121     0.327    -0.00    1.18
  63758.825     0.277    -0.17    1.14
  64047.524     0.294     0.06    1.10
  64336.218     0.328     0.12    1.12
  64624.908     0.361     0.12    1.14
  64913.592     0.069    -1.01    0.82
  65202.271     0.461     1.36    1.58
  65490.946     0.488     0.09    1.67
  65779.615     0.872     1.33    1.83
  66068.280     1.207     1.16    1.91
  66356.940     1.192    -0.05    1.91
  66645.594     1.261     0.24    1.85
  66934.244     1.009    -0.87    1.65
  67222.889     0.638    -1.28    1.36
  67511.529     0.477    -0.56    1.18
  67800.164     1.052     1.99    2.21
  68088.993     1.211     0.55    2.36
  68378.688     1.311     0.35    2.42
  68668.378     1.698     1.34    2.40
  68958.064     1.884     0.64    2.46
  69247.744     2.190     1.05    2.50
  69537.419     1.861    -1.14    2.34
  69827.090     1.500    -1.24    2.13
  70116.755     1.458    -0.15    2.08
  70406.416     1.192    -0.92    1.95
  70696.071     0.811    -1.32    1.76
  70985.722     0.328    -1.67    1.24
  71275.367     0.094    -0.81    1.11
  71565.008     0.117     0.08    1.13
  71854.644     0.277     0.55    1.18
  72144.275     0.456     0.62    1.56
  72433.901     1.118     2.29    1.99
  72723.522     1.207     0.31    2.12
  73013.138     1.261     0.18    2.10
  73302.749     1.081    -0.62    2.14
  73592.355     1.097     0.06    2.15
  73881.956     0.931    -0.57    2.08
  74171.553     0.761    -0.59    2.13
  74461.144     0.960     0.69    2.20
  74750.730     1.117     0.54    2.14
  75040.312     1.177     0.21    1.98
  75329.888     1.375     0.68    1.93
  75619.460     1.327    -0.17    2.07
  75909.027     1.346     0.07    2.03
  76198.589     1.006    -1.18    1.71
  76488.146     0.811    -0.67    1.72
  76777.698     0.638    -0.59    1.66
  77067.245     0.243    -1.37    1.48
  77356.787     0.104    -0.48    1.15
  77646.324     0.138     0.12    1.37
  77935.856    -0.106    -0.84    1.43
  78225.384    -0.263    -0.54    1.40
  78514.906    -0.465    -0.70    1.73
  78804.424    -0.573    -0.37    1.76
  79093.937    -0.448     0.43    1.88
  79383.445    -0.333     0.40    1.80
  79672.947    -0.116     0.75    1.87
  79962.445    -0.106     0.03    1.95
  80251.939    -0.012     0.32    1.78
  80541.427     0.381     1.36    1.65
  80830.910     0.661     0.97    1.83
  81120.389     0.864     0.70    1.79
  81409.862     0.827    -0.13    1.65
  81699.331     0.861     0.12    1.51
  81988.794     0.868     0.03    1.50
  82278.253     0.862    -0.02    1.58
  82567.707     0.714    -0.51    1.53
  82857.156     0.827     0.39    1.57
  83146.600     0.845     0.06    1.57
  83436.040     0.884     0.14    1.61
  83725.474     0.827    -0.20    1.61
  84014.904     0.966     0.48    1.37
  84304.328     0.914    -0.18    1.40
  84593.748     0.761    -0.53    1.29
  84883.163     0.665    -0.33    1.26
  85172.573     0.604    -0.21    1.14
  85461.978     0.409    -0.67    1.26
  85751.379     0.311    -0.34    1.23
  86040.774     0.175    -0.47    1.20
  86330.165    -0.001    -0.61    1.06
  86619.550     0.226     0.78    1.19
  86908.931     0.261     0.12    1.18
  87198.307     0.205    -0.19    1.01
  87487.678     0.194    -0.04    1.08
  87777.044     0.311     0.40    1.15
  88066.406     0.196    -0.40    1.18
  88355.762     0.061    -0.47    1.14
  88645.114    -0.039    -0.35    1.18
  88934.461    -0.258    -0.76    1.04
  89223.802    -0.503    -0.85    0.71
  89513.140    -0.542    -0.13    0.68
  89802.472    -0.689    -0.51    0.00
  90091.799    -0.689     0.00    0.00
  90381.122    -0.689     0.00    0.00
  90670.439    -0.689     0.00    0.00
  90959.752    -0.689     0.00    0.00
  91249.060    -0.689     0.00    0.00
  91538.363    -0.689     0.00    0.00
  91827.662    -0.689     0.00    0.00
  92116.955    -0.689     0.00    0.00
  92406.244    -0.689     0.00    0.00
  92695.527    -0.689     0.00    0.00
  92984.806    -0.689     0.00    0.00
  93274.080    -0.689     0.00    0.00
  93563.350    -0.689     0.00    0.00
  93852.614    -0.689     0.00    0.00
  94141.874    -0.689     0.00    0.00
  94431.129    -0.689     0.00    0.00
  94720.378    -0.689     0.00    0.00
  95009.624    -0.689     0.00    0.00
  95298.864    -0.689     0.00    0.00
  95588.099    -0.689     0.00    0.00
  95877.330    -0.689     0.00    0.00
  96166.556    -0.689     0.00    0.00
  96455.777    -0.689     0.00    0.00
  96744.993    -0.689     0.00    0.00
  97034.204    -0.689     0.00    0.00
  97323.411    -0.689     0.00    0.00
  97612.613    -0.689     0.00    0.00
  97901.810    -0.689     0.00    0.00
  98191.002    -0.689     0.00    0.00
  98480.189    -0.689     0.00    0.00
  98769.372    -0.689     0.00    0.00
  99058.549    -0.689     0.00    0.00
  99347.722    -0.689     0.00    0.00
  99636.890    -0.689     0.00    0.00
  99926.054    -0.689     0.00    0.00
 100215.212    -0.689     0.00    0.00
 100504.366    -0.689     0.00    0.00
 100793.515    -0.689     0.00    0.00
 101082.659    -0.689     0.00    0.00
 101371.798    -0.689     0.00    0.00
 101660.932    -0.689     0.00    0.00
 101950.062    -0.689     0.00    0.00
 102239.187    -0.689     0.00    0.00
 102528.307    -0.689     0.00    0.00
 102817.423    -0.689     0.00    0.00
 103106.533    -0.689     0.00    0.00
 103395.639    -0.689     0.00    0.00
 103684.740    -0.689     0.00    0.00
 103973.836    -0.689     0.00    0.00
 104262.928    -0.689     0.00    0.00
 104552.014    -0.689     0.00    0.00
 104841.096    -0.689     0.00    0.00
 105130.173    -0.689     0.00    0.00
 105419.245    -0.689     0.00    0.00
 105708.313    -0.689     0.00    0.00
 105997.376    -0.689     0.00    0.00
 106286.434    -0.689     0.00    0.00
 106575.487    -0.689     0.00    0.00
 106864.535    -0.689     0.00    0.00
 107153.579    -0.689     0.00    0.00
 107442.618    -0.689     0.00    0.00
 107731.652    -0.689     0.00    0.00
 108020.682    -0.689     0.00    0.00
 108309.706    -0.689     0.00    0.00
 108598.726    -0.689     0.00    0.00
 108887.741    -0.689     0.00    0.00
 109176.752    -0.689     0.00    0.00
 109465.757    -0.689     0.00    0.00
 109754.758    -0.689     0.00    0.00
 110043.754    -0.689     0.00    0.00
 110332.745    -0.689     0.00    0.00
 110621.732    -0.689     0.00    0.00
 110910.714    -0.689     0.00    0.00
 111199.691    -0.689     0.00    0.00
 111488.663    -0.689     0.00    0.00
 111777.631    -0.689     0.00    0.00
 112066.594    -0.689     0.00    0.00
 112355.552    -0.689     0.00    0.00
 112644.505    -0.689     0.00    0.00
 112933.454    -0.689     0.00    0.00
 113222.398    -0.689     0.00    0.00
 113511.337    -0.689     0.00    0.00
 113800.272    -0.689     0.00    0.00
 114089.201    -0.689     0.00    0.00
 114378.126    -0.689     0.00    0.00
 114667.047    -0.689     0.00    0.00
 114955.962    -0.689     0.00    0.00
 115244.873    -0.689     0.00    0.00
 115533.779    -0.689     0.00    0.00
 115822.680    -0.689     0.00    0.00
 116111.577    -0.689     0.00    0.00
 116400.469    -0.689     0.00    0.00
 116689.356    -0.689     0.00    0.00
 116978.238    -0.689     0.00    0.00
 117267.116    -0.689     0.00    0.00
 117555.989    -0.689     0.00    0.00
 117844.858    -0.689     0.00    0.00
 118133.721    -0.689     0.00    0.00
 118422.580    -0.689     0.00    0.00
 118711.434    -0.689     0.00    0.00
 119000.284    -0.689     0.00    0.00
 119289.128    -0.689     0.00    0.00
 119577.968    -0.689     0.00    0.00
 119866.804    -0.689     0.00    0.00
 120155.634    -0.689     0.00    0.00
 120444.460    -0.689     0.00    0.00
 120733.282    -0.689     0.00    0.00
 121022.098    -0.689     0.00    0.00
 121310.910    -0.689     0.00    0.00
 121599.717    -0.689     0.00    0.00
 121888.520    -0.689     0.00    0.00
 122177.317    -0.689     0.00    0.00
 122466.111    -0.689     0.00    0.00
 122754.899    -0.689     0.00    0.00
 123043.683    -0.689     0.00    0.00
 123332.462    -0.689     0.00    0.00
 123621.236    -0.689     0.00    0.00
 123910.006    -0.689     0.00    0.00
 124198.771    -0.689     0.00    0.00
 124487.531    -0.689     0.00    0.00
 124776.286    -0.689     0.00    0.00
 125065.037    -0.689     0.00    0.00
 125353.784    -0.689     0.00    0.00
 125642.525    -0.689     0.00    0.00
 125931.262    -0.689     0.00    0.00
 126219.994    -0.689     0.00    0.00
 126508.722    -0.689     0.00    0.00
 126797.445    -0.689     0.00    0.00
 127086.163    -0.689     0.00    0.00
 127374.876    -0.689     0.00    0.00
 127663.585    -0.689     0.00    0.00
 127952.289    -0.689     0.00    0.00
 128240.989    -0.689     0.00    0.00
 128529.684    -0.689     0.00    0.00
 128818.374    -0.689     0.00    0.00
 129107.060    -0.689     0.00    0.00
 129395.741    -0.689     0.00    0.00
 129684.417    -0.689     0.00    0.00
 129973.088    -0.689     0.00    0.00
 130261.755    -0.689     0.00    0.00
 130551.316    -0.689     0.00    0.00
 130840.983    -0.689     0.00    0.00
 131130.645    -0.689     0.00    0.00
 131420.303    -0.689     0.00    0.00
 131709.956    -0.689     0.00    0.00
 131999.604    -0.689     0.00    0.00
 132289.248    -0.689     0.00    0.00
 132578.887    -0.689     0.00    0.00
 132868.521    -0.689     0.00    0.00
 133158.150    -0.689     0.00    0.00
 133447.775    -0.689     0.00    0.00
 133737.395    -0.689     0.00    0.00
 134027.011    -0.689     0.00    0.00
 134316.622    -0.689     0.00    0.00
 134606.228    -0.689     0.00    0.00
 134895.830    -0.689     0.00    0.00
 135185.426    -0.689     0.00    0.00
 135475.019    -0.689     0.00    0.00
 135764.606    -0.689     0.00    0.00
 136054.189    -0.689     0.00    0.00
 136343.767    -0.689     0.00    0.00
 136633.341    -0.689     0.00    0.00
 136922.910    -0.689     0.00    0.00
 137212.474    -0.689     0.00    0.00
 137502.034    -0.689     0.00    0.00
 137791.589    -0.689     0.00    0.00
 138081.139    -0.689     0.00    0.00
 138370.684    -0.689     0.00    0.00
 138660.225    -0.689     0.00    0.00
 138949.762    -0.689     0.00    0.00
 139239.293    -0.689     0.00    0.00
 139528.821    -0.689     0.00    0.00
 139818.343    -0.689     0.00    0.00
 140107.861    -0.689     0.00    0.00
 140397.374    -0.689     0.00    0.00
 140686.882    -0.689     0.00    0.00
 140976.386    -0.689     0.00    0.00
 141265.885    -0.689     0.00    0.00
 141555.380    -0.689     0.00    0.00
 141844.870    -0.689     0.00    0.00
 142134.355    -0.689     0.00    0.00
 142423.836    -0.689     0.00    0.00
 142713.312    -0.689     0.00    0.00
 143002.783    -0.689     0.00    0.00
 143292.250    -0.689     0.00    0.00
 143581.712    -0.689     0.00    0.00
 143871.170    -0.689     0.00    0.00
 144160.623    -0.689     0.00    0.00
 144450.071    -0.689     0.00    0.00
 144739.515    -0.689     0.00    0.00
 145028.954    -0.689     0.00    0.00
 145318.388    -0.689     0.00    0.00
 145607.818    -0.689     0.00    0.00
 145897.243    -0.689     0.00    0.00
 146186.664    -0.689     0.00    0.00
 146476.080    -0.689     0.00    0.00
 146765.491    -0.689     0.00    0.00
 147054.898    -0.689     0.00    0.00
 147344.300    -0.689     0.00    0.00
 147633.698    -0.689     0.00    0.00
 147923.091    -0.689     0.00    0.00
 148212.479    -0.689     0.00    0.00
 148501.863    -0.689     0.00    0.00
 148791.242    -0.689     0.00    0.00
 149080.617    -0.689     0.00    0.00
 149369.987    -0.689     0.00    0.00
 149659.352    -0.689     0.00    0.00
 149948.713    -0.689     0.00    0.00
 150238.069    -0.689     0.00    0.00
 150527.421    -0.689     0.00    0.00
 150816.768    -0.689     0.00    0.00
 151106.110    -0.689     0.00    0.00
 151395.448    -0.689     0.00    0.00
 151684.781    -0.689     0.00    0.00
 151974.110    -0.689     0.00    0.00
 152263.434    -0.689     0.00    0.00
 152552.754    -0.689     0.00    0.00
 152842.068    -0.689     0.00    0.00
 153131.379    -0.689     0.00    0.00
 153420.685    -0.689     0.00    0.00
 153709.986    -0.689     0.00    0.00
 153999.282    -0.689     0.00    0.00
 154288.574    -0.689     0.00    0.00
 154577.862    -0.689     0.00    0.00
 154867.145    -0.689     0.00    0.00
 155156.423    -0.689     0.00    0.00
 155445.697    -0.689     0.00    0.00
 155734.966    -0.689     0.00    0.00
 156024.231    -0.689     0.00    0.00
 156313.491    -0.689     0.00    0.00
 156602.746    -0.689     0.00    0.00
 156891.997    -0.689     0.00    0.00
 157181.244    -0.689     0.00    0.00
 157470.486    -0.689     0.00    0.00
 157759.723    -0.689     0.00    0.00
 158048.956    -0.689     0.00    0.00
 158338.184    -0.689     0.00    0.00
 158627.408    -0.689     0.00    0.00
 158916.627    -0.689     0.00    0.00
 159205.841    -0.689     0.00    0.00
 159495.051    -0.689     0.00    0.00
 159784.257    -0.689     0.00    0.00
 160073.458    -0.689     0.00    0.00
 160362.654    -0.689     0.00    0.00
 160651.846    -0.689     0.00    0.00
 160941.033    -0.689     0.00    0.00
 161230.216    -0.689     0.00    0.00
 161519.394    -0.689     0.00    0.00
 161808.568    -0.689     0.00    0.00
 162097.737    -0.689     0.00    0.00
 162386.901    -0.689     0.00    0.00
 162676.061    -0.689     0.00    0.00
 162965.217    -0.689     0.00    0.00
 163254.368    -0.689     0.00    0.00
 163543.514    -0.689     0.00    0.00
 163832.656    -0.689     0.00    0.00
 164121.794    -0.689     0.00    0.00
 164410.927    -0.689     0.00    0.00
 164700.055    -0.689     0.00    0.00
 164989.179    -0.689     0.00    0.00
 165278.298    -0.689     0.00    0.00
 165567.413    -0.689     0.00    0.00
 165856.523    -0.689     0.00    0.00
 166145.629    -0.689     0.00    0.00
 166434.731    -0.689     0.00    0.00
 166723.827    -0.689     0.00    0.00
 167012.920    -0.689     0.00    0.00
 167302.007    -0.689     0.00    0.00
 167591.091    -0.689     0.00    0.00
 167880.169    -0.689     0.00    0.00
 168169.244    -0.689     0.00    0.00
 168458.313    -0.689     0.00    0.00
 168747.378    -0.689     0.00    0.00
 169036.439    -0.689     0.00    0.00
 169325.495    -0.689     0.00    0.00
 169614.547    -0.689     0.00    0.00
 169903.594    -0.689     0.00    0.00
 170192.637    -0.689     0.00    0.00
 170481.675    -0.689     0.00    0.00
 170770.709    -0.689     0.00    0.00
 171059.738    -0.689     0.00    0.00
 171348.763    -0.689     0.00    0.00
 171637.783    -0.689     0.00    0.00
 171926.799    -0.689     0.00    0.00
 172215.811    -0.689     0.00    0.00
 172504.817    -0.689     0.00    0.00
 172793.820    -0.689     0.00    0.00
 173082.818    -0.689     0.00    0.00
 173371.811    -0.689     0.00    0.00
 173660.800    -0.689     0.00    0.00
 173949.784    -0.689     0.00    0.00
 174238.764    -0.689     0.00    0.00
 174527.740    -0.689     0.00    0.00
 174816.711    -0.689     0.00    0.00
 175105.677    -0.689     0.00    0.00
 175394.639    -0.689     0.00    0.00
 175683.597    -0.689     0.00    0.00
 175972.550    -0.689     0.00    0.00
 176261.499    -0.689     0.00    0.00
 176550.443    -0.689     0.00    0.00
 176839.383    -0.689     0.00    0.00
 177128.318    -0.689     0.00    0.00
 177417.249    -0.689     0.00    0.00
 177706.175    -0.689     0.00    0.00
 177995.097    -0.689     0.00    0.00
 178284.015    -0.689     0.00    0.00
 178572.928    -0.689     0.00    0.00
 178861.836    -0.689     0.00    0.00
 179150.740    -0.689     0.00    0.00
 179439.640    -0.689     0.00    0.00
 179728.535    -0.689     0.00    0.00
 180017.426    -0.689     0.00    0.00
 180306.312    -0.689     0.00    0.00
 180595.194    -0.689     0.00    0.00
 180884.071    -0.689     0.00    0.00
 181172.944    -0.689     0.00    0.00
 181461.813    -0.689     0.00    0.00
 181750.677    -0.689     0.00    0.00
 182039.537    -0.689     0.00    0.00
 182328.392    -0.689     0.00    0.00
 182617.243    -0.689     0.00    0.00
 182906.089    -0.689     0.00    0.00
 183194.931    -0.689     0.00    0.00
 183483.768    -0.689     0.00    0.00
 183772.601    -0.689     0.00    0.00
 184061.430    -0.689     0.00    0.00
 184350.254    -0.689     0.00    0.00
 184639.074    -0.689     0.00    0.00
 184927.889    -0.689     0.00    0.00
 185216.700    -0.689     0.00    0.00
 185505.507    -0.689     0.00    0.00
 185794.309    -0.689     0.00    0.00
 186083.107    -0.689     0.00    0.00
 186371.900    -0.689     0.00    0.00
 186660.689    -0.689     0.00    0.00
 186949.473    -0.689     0.00    0.00
 187238.253    -0.689     0.00    0.00
 187527.029    -0.689     0.00    0.00
 187815.800    -0.689     0.00    0.00
 188104.567    -0.689     0.00    0.00
 188393.329    -0.689     0.00    0.00
 188682.087    -0.689     0.00    0.00
 188970.841    -0.689     0.00    0.00
 189259.590    -0.689     0.00    0.00
 189548.335    -0.689     0.00    0.00
 189837.075    -0.689     0.00    0.00
 190125.811    -0.689     0.00    0.00
 190414.542    -0.689     0.00    0.00
 190703.270    -0.689     0.00    0.00
 190991.992    -0.689     0.00    0.00
 191280.711    -0.689     0.00    0.00
 191569.425    -0.689     0.00    0.00
 191858.134    -0.689     0.00    0.00
 192146.840    -0.689     0.00    0.00
 192435.540    -0.689     0.00    0.00
 192724.805    -0.689     0.00    0.00
 193014.451    -0.689     0.00    0.00
 193304.092    -0.689     0.00    0.00
 193593.729    -0.689     0.00    0.00
 193883.361    -0.689     0.00    0.00
 194172.989    -0.689     0.00    0.00
 194462.612    -0.689     0.00    0.00
 194752.231    -0.689     0.00    0.00
 195041.846    -0.689     0.00    0.00
 195331.456    -0.689     0.00    0.00
 195621.062    -0.689     0.00    0.00
 195910.664    -0.689     0.00    0.00
 196200.261    -0.689     0.00    0.00
 196489.853    -0.689     0.00    0.00
 196779.442    -0.689     0.00    0.00
 197069.026    -0.689     0.00    0.00
 197358.605    -0.689     0.00    0.00
 197648.180    -0.689     0.00    0.00
 197937.751    -0.689     0.00    0.00
 198227.317    -0.689     0.00    0.00
 198516.879    -0.689     0.00    0.00
 198806.436    -0.689     0.00    0.00
 199095.990    -0.689     0.00    0.00
 199385.538    -0.689     0.00    0.00
 199675.083    -0.689     0.00    0.00
 199964.623    -0.689     0.00    0.00
 200254.158    -0.689     0.00    0.00
 200543.689    -0.689     0.00    0.00
 200833.216    -0.689     0.00    0.00
 201122.739    -0.689     0.00    0.00
 201412.257    -0.689     0.00    0.00
 201701.771    -0.689     0.00    0.00
 201991.280    -0.689     0.00    0.00
 202280.785    -0.689     0.00    0.00
 202570.285    -0.689     0.00    0.00
 202859.782    -0.689     0.00    0.00
 203149.274    -0.689     0.00    0.00
 203438.761    -0.689     0.00    0.00
 203728.244    -0.689     0.00    0.00
 204017.723    -0.689     0.00    0.00
 204307.197    -0.689     0.00    0.00
 204596.667    -0.689     0.00    0.00
 204886.133    -0.689     0.00    0.00
 205175.594    -0.689     0.00    0.00
 205465.051    -0.689     0.00    0.00
 205754.504    -0.689     0.00    0.00
 206043.952    -0.689     0.00    0.00
 206333.396    -0.689     0.00    0.00
 206622.836    -0.689     0.00    0.00
 206912.271    -0.689     0.00    0.00
 207201.702    -0.689     0.00    0.00
 207491.128    -0.689     0.00    0.00
 207780.550    -0.689     0.00    0.00
 208069.968    -0.689     0.00    0.00
 208359.382    -0.689     0.00    0.00
 208648.791    -0.689     0.00    0.00
 208938.195    -0.689     0.00    0.00
 209227.596    -0.689     0.00    0.00
 209516.992    -0.689     0.00    0.00
 209806.384    -0.689     0.00    0.00
 210095.771    -0.689     0.00    0.00
 210385.154    -0.689     0.00    0.00
 210674.533    -0.689     0.00    0.00
 210963.908    -0.689     0.00    0.00
 211253.278    -0.689     0.00    0.00
 211542.643    -0.689     0.00    0.00
 211832.005    -0.689     0.00    0.00
 212121.362    -0.689     0.00    0.00
 212410.715    -0.689     0.00    0.00
 212700.063    -0.689     0.00    0.00
 212989.408    -0.689     0.00    0.00
 213278.747    -0.689     0.00    0.00
 213568.083    -0.689     0.00    0.00
 213857.414    -0.689     0.00    0.00
 214146.741    -0.689     0.00    0.00
 214436.064    -0.689     0.00    0.00
 214725.382    -0.689     0.00    0.00
 215014.696    -0.689     0.00    0.00
 215304.006    -0.689     0.00    0.00
 215593.311    -0.689     0.00    0.00
 215882.612    -0.689     0.00    0.00
 216171.909    -0.689     0.00    0.00
 216461.201    -0.689     0.00    0.00
 216750.489    -0.689     0.00    0.00
 217039.773    -0.689     0.00    0.00
 217329.053    -0.689     0.00    0.00
 217618.328    -0.689     0.00    0.00
 217907.599    -0.689     0.00    0.00
 218196.866    -0.689     0.00    0.00
 218486.128    -0.689     0.00    0.00
 218775.386    -0.689     0.00    0.00
 219064.640    -0.689     0.00    0.00
 219353.889    -0.689     0.00    0.00
 219643.134    -0.689     0.00    0.00
 219932.375    -0.689     0.00    0.00
 220221.612    -0.689     0.00    0.00
 220510.844    -0.689     0.00    0.00
 220800.072    -0.689     0.00    0.00
 221089.296    -0.689     0.00    0.00
 221378.516    -0.689     0.00    0.00
 221667.731    -0.689     0.00    0.00
 221956.942    -0.689     0.00    0.00
 222246.148    -0.689     0.00    0.00
 222535.351    -0.689     0.00    0.00
 222824.549    -0.689     0.00    0.00
 223113.743    -0.689     0.00    0.00
 223402.932    -0.689     0.00    0.00
 223692.118    -0.689     0.00    0.00
 223981.299    -0.689     0.00    0.00
 224270.475    -0.689     0.00    0.00
 224559.648    -0.689     0.00    0.00
 224848.816    -0.689     0.00    0.00
 225137.980    -0.689     0.00    0.00
 225427.140    -0.689     0.00    0.00
 225716.295    -0.689     0.00    0.00
 226005.447    -0.689     0.00    0.00
 226294.594    -0.689     0.00    0.00
 226583.736    -0.689     0.00    0.00
 226872.875    -0.689     0.00    0.00
 227162.009    -0.689     0.00    0.00
 227451.139    -0.689     0.00    0.00
 227740.264    -0.689     0.00    0.00
 228029.386    -0.689     0.00    0.00
 228318.503    -0.689     0.00    0.00
 228607.616    -0.689     0.00    0.00
 228896.725    -0.689     0.00    0.00
 229185.829    -0.689     0.00    0.00
 229474.929    -0.689     0.00    0.00
 229764.025    -0.689     0.00    0.00
 230053.117    -0.689     0.00    0.00
 230342.205    -0.689     0.00    0.00
 230631.288    -0.689     0.00    0.00
 230920.367    -0.689     0.00    0.00
 231209.442    -0.689     0.00    0.00
 231498.512    -0.689     0.00    0.00
 231787.579    -0.689     0.00    0.00
 232076.641    -0.689     0.00    0.00
 232365.699    -0.689     0.00    0.00
 232654.752    -0.689     0.00    0.00
 232943.802    -0.689     0.00    0.00
 233232.847    -0.689     0.00    0.00
 233521.888    -0.689     0.00    0.00
 233810.925    -0.689     0.00    0.00
 234099.957    -0.689     0.00    0.00
 234388.986    -0.689     0.00    0.00
 234678.010    -0.689     0.00    0.00
 234967.030    -0.689     0.00    0.00
 235256.045    -0.689     0.00    0.00
 235545.057    -0.689     0.00    0.00
 235834.064    -0.689     0.00    0.00
 236123.067    -0.689     0.00    0.00
 236412.066    -0.689     0.00    0.00
 236701.061    -0.689     0.00    0.00
 236990.051    -0.689     0.00    0.00
 237279.037    -0.689     0.00    0.00
 237568.019    -0.689     0.00    0.00
 237856.997    -0.689     0.00    0.00
 238145.971    -0.689     0.00    0.00
 238434.940    -0.689     0.00    0.00
 238723.905    -0.689     0.00    0.00
 239012.866    -0.689     0.00    0.00
 239301.823    -0.689     0.00    0.00
 239590.776    -0.689     0.00    0.00
 239879.724    -0.689     0.00    0.00
 240168.669    -0.689     0.00    0.00
 240457.609    -0.689     0.00    0.00
 240746.545    -0.689     0.00    0.00
 241035.476    -0.689     0.00    0.00
 241324.404    -0.689     0.00    0.00
 241613.327    -0.689     0.00    0.00
 241902.246    -0.689     0.00    0.00
 242191.161    -0.689     0.00    0.00
 242480.072    -0.689     0.00    0.00
 242768.979    -0.689     0.00    0.00
 243057.881    -0.689     0.00    0.00
 243346.780    -0.689     0.00    0.00
 243635.674    -0.689     0.00    0.00
 243924.564    -0.689     0.00    0.00
 244213.449    -0.689     0.00    0.00
 244502.331    -0.689     0.00    0.00
 244791.208    -0.689     0.00    0.00
 245080.082    -0.689     0.00    0.00
 245368.951    -0.689     0.00    0.00
 245657.816    -0.689     0.00    0.00
 245946.677    -0.689     0.00    0.00
 246235.533    -0.689     0.00    0.00
 246524.386    -0.689     0.00    0.00
 246813.234    -0.689     0.00    0.00
 247102.078    -0.689     0.00    0.00
 247390.918    -0.689     0.00    0.00
 247679.754    -0.689     0.00    0.00
 247968.585    -0.689     0.00    0.00
 248257.413    -0.689     0.00    0.00
 248546.236    -0.689     0.00    0.00
 248835.056    -0.689     0.00    0.00
 249123.871    -0.689     0.00    0.00
 249412.682    -0.689     0.00    0.00
 249701.488    -0.689     0.00    0.00
 249990.291    -0.689     0.00    0.00
 250279.090    -0.689     0.00    0.00
 250567.884    -0.689     0.00    0.00
 250856.674    -0.689     0.00    0.00
 251145.460    -0.689     0.00    0.00
 251434.242    -0.689     0.00    0.00
 251723.020    -0.689     0.00    0.00
 252011.794    -0.689     0.00    0.00
 252300.563    -0.689     0.00    0.00
 252589.329    -0.689     0.00    0.00
 252878.090    -0.689     0.00    0.00
 253166.847    -0.689     0.00    0.00
 253455.600    -0.689     0.00    0.00
 253744.349    -0.689     0.00    0.00
 254033.094    -0.689     0.00    0.00
 254321.835    -0.689     0.00    0.00
 254610.571    -0.689     0.00    0.00
 254899.576    -0.689     0.00    0.00
 255189.199    -0.689     0.00    0.00
 255478.818    -0.689     0.00    0.00
 255768.433    -0.689     0.00    0.00
 256058.043    -0.689     0.00    0.00
 256347.650    -0.689     0.00    0.00
 256637.252    -0.689     0.00    0.00
 256926.850    -0.689     0.00    0.00
 257216.444    -0.689     0.00    0.00
 257506.034    -0.689     0.00    0.00
 257795.620    -0.689     0.00    0.00
 258085.202    -0.689     0.00    0.00
 258374.779    -0.689     0.00    0.00
 258664.352    -0.689     0.00    0.00
 258953.922    -0.689     0.00    0.00
 259243.487    -0.689     0.00    0.00
 259533.048    -0.689     0.00    0.00
 259822.605    -0.689     0.00    0.00
 260112.157    -0.689     0.00    0.00
 260401.706    -0.689     0.00    0.00
 260691.250    -0.689     0.00    0.00
 260980.791    -0.689     0.00    0.00
 261270.327    -0.689     0.00    0.00
 261559.859    -0.689     0.00    0.00
 261849.387    -0.689     0.00    0.00
 262138.911    -0.689     0.00    0.00
 262428.431    -0.689     0.00    0.00
 262717.947    -0.689     0.00    0.00
 263007.458    -0.689     0.00    0.00
 263296.966    -0.689     0.00    0.00
 263586.469    -0.689     0.00    0.00
 263875.968    -0.689     0.00    0.00
 264165.463    -0.689     0.00    0.00
 264454.955    -0.689     0.00    0.00
 264744.442    -0.689     0.00    0.00
 265033.924    -0.689     0.00    0.00
 265323.403    -0.689     0.00    0.00
 265612.878    -0.689     0.00    0.00
 265902.348    -0.689     0.00    0.00
 266191.815    -0.689     0.00    0.00
 266481.277    -0.689     0.00    0.00
 266770.735    -0.689     0.00    0.00
 267060.190    -0.689     0.00    0.00
 267349.640    -0.689     0.00    0.00
 267639.086    -0.689     0.00    0.00
 267928.528    -0.689     0.00    0.00
 268217.966    -0.689     0.00    0.00
 268507.399    -0.689     0.00    0.00
 268796.829    -0.689     0.00    0.00
 269086.255    -0.689     0.00    0.00
 269375.676    -0.689     0.00    0.00
